% MSC Adams results for 4 bars inverse dynamics experiment.
% See README.md
% timestamp       torque            actual angle
   0.0000000e+00  -6.6003260e+01   0.0000000e+00
   5.0000000e-03  -6.6001430e+01   3.4377180e-03
   1.0000000e-02  -6.5995940e+01   1.3750530e-02
   1.5000000e-02  -6.5986770e+01   3.0937400e-02
   2.0000000e-02  -6.5973890e+01   5.4996610e-02
   2.5000000e-02  -6.5957260e+01   8.5925770e-02
   3.0000000e-02  -6.5936810e+01   1.2372180e-01
   3.5000000e-02  -6.5912490e+01   1.6838080e-01
   4.0000000e-02  -6.5884200e+01   2.1989850e-01
   4.5000000e-02  -6.5851850e+01   2.7826960e-01
   5.0000000e-02  -6.5815350e+01   3.4348830e-01
   5.5000000e-02  -6.5774560e+01   4.1554810e-01
   6.0000000e-02  -6.5729370e+01   4.9444180e-01
   6.5000000e-02  -6.5679620e+01   5.8016150e-01
   7.0000000e-02  -6.5625170e+01   6.7269850e-01
   7.5000000e-02  -6.5565850e+01   7.7204380e-01
   8.0000000e-02  -6.5501490e+01   8.7818730e-01
   8.5000000e-02  -6.5431880e+01   9.9111840e-01
   9.0000000e-02  -6.5356850e+01   1.1108260e+00
   9.5000000e-02  -6.5276170e+01   1.2372980e+00
   1.0000000e-01  -6.5189620e+01   1.3705210e+00
   1.0500000e-01  -6.5096980e+01   1.5104830e+00
   1.1000000e-01  -6.4998010e+01   1.6571690e+00
   1.1500000e-01  -6.4892450e+01   1.8105650e+00
   1.2000000e-01  -6.4780050e+01   1.9706560e+00
   1.2500000e-01  -6.4660540e+01   2.1374240e+00
   1.3000000e-01  -6.4533640e+01   2.3108550e+00
   1.3500000e-01  -6.4399070e+01   2.4909300e+00
   1.4000000e-01  -6.4256540e+01   2.6776310e+00
   1.4500000e-01  -6.4105760e+01   2.8709400e+00
   1.5000000e-01  -6.3946410e+01   3.0708370e+00
   1.5500000e-01  -6.3778200e+01   3.2773020e+00
   1.6000000e-01  -6.3600810e+01   3.4903160e+00
   1.6500000e-01  -6.3413920e+01   3.7098550e+00
   1.7000000e-01  -6.3217210e+01   3.9358990e+00
   1.7500000e-01  -6.3010370e+01   4.1684250e+00
   1.8000000e-01  -6.2793070e+01   4.4074100e+00
   1.8500000e-01  -6.2565000e+01   4.6528290e+00
   1.9000000e-01  -6.2325820e+01   4.9046580e+00
   1.9500000e-01  -6.2075220e+01   5.1628730e+00
   2.0000000e-01  -6.1812890e+01   5.4274460e+00
   2.0500000e-01  -6.1538520e+01   5.6983520e+00
   2.1000000e-01  -6.1251800e+01   5.9755640e+00
   2.1500000e-01  -6.0952440e+01   6.2590540e+00
   2.2000000e-01  -6.0640140e+01   6.5487930e+00
   2.2500000e-01  -6.0314630e+01   6.8447530e+00
   2.3000000e-01  -5.9975640e+01   7.1469040e+00
   2.3500000e-01  -5.9622910e+01   7.4552150e+00
   2.4000000e-01  -5.9256210e+01   7.7696570e+00
   2.4500000e-01  -5.8875320e+01   8.0901970e+00
   2.5000000e-01  -5.8480020e+01   8.4168030e+00
   2.5500000e-01  -5.8070140e+01   8.7494430e+00
   2.6000000e-01  -5.7645490e+01   9.0880840e+00
   2.6500000e-01  -5.7205950e+01   9.4326910e+00
   2.7000000e-01  -5.6751400e+01   9.7832300e+00
   2.7500000e-01  -5.6281730e+01   1.0139670e+01
   2.8000000e-01  -5.5796890e+01   1.0501960e+01
   2.8500000e-01  -5.5296840e+01   1.0870090e+01
   2.9000000e-01  -5.4781580e+01   1.1244000e+01
   2.9500000e-01  -5.4251120e+01   1.1623660e+01
   3.0000000e-01  -5.3705530e+01   1.2009040e+01
   3.0500000e-01  -5.3144910e+01   1.2400090e+01
   3.1000000e-01  -5.2569380e+01   1.2796770e+01
   3.1500000e-01  -5.1979120e+01   1.3199060e+01
   3.2000000e-01  -5.1374320e+01   1.3606890e+01
   3.2500000e-01  -5.0755240e+01   1.4020250e+01
   3.3000000e-01  -5.0122160e+01   1.4439070e+01
   3.3500000e-01  -4.9475410e+01   1.4863330e+01
   3.4000000e-01  -4.8815360e+01   1.5292970e+01
   3.4500000e-01  -4.8142410e+01   1.5727970e+01
   3.5000000e-01  -4.7457020e+01   1.6168260e+01
   3.5500000e-01  -4.6759670e+01   1.6613810e+01
   3.6000000e-01  -4.6050910e+01   1.7064580e+01
   3.6500000e-01  -4.5331310e+01   1.7520520e+01
   3.7000000e-01  -4.4601480e+01   1.7981580e+01
   3.7500000e-01  -4.3862080e+01   1.8447710e+01
   3.8000000e-01  -4.3113800e+01   1.8918880e+01
   3.8500000e-01  -4.2357370e+01   1.9395030e+01
   3.9000000e-01  -4.1593570e+01   1.9876120e+01
   3.9500000e-01  -4.0823170e+01   2.0362100e+01
   4.0000000e-01  -4.0047030e+01   2.0852910e+01
   4.0500000e-01  -3.9265990e+01   2.1348520e+01
   4.1000000e-01  -3.8480940e+01   2.1848860e+01
   4.1500000e-01  -3.7692800e+01   2.2353900e+01
   4.2000000e-01  -3.6902500e+01   2.2863570e+01
   4.2500000e-01  -3.6110990e+01   2.3377840e+01
   4.3000000e-01  -3.5319220e+01   2.3896640e+01
   4.3500000e-01  -3.4528190e+01   2.4419930e+01
   4.4000000e-01  -3.3738860e+01   2.4947650e+01
   4.4500000e-01  -3.2952240e+01   2.5479750e+01
   4.5000000e-01  -3.2169310e+01   2.6016180e+01
   4.5500000e-01  -3.1391050e+01   2.6556890e+01
   4.6000000e-01  -3.0618450e+01   2.7101810e+01
   4.6500000e-01  -2.9852460e+01   2.7650900e+01
   4.7000000e-01  -2.9094050e+01   2.8204100e+01
   4.7500000e-01  -2.8344130e+01   2.8761350e+01
   4.8000000e-01  -2.7603620e+01   2.9322610e+01
   4.8500000e-01  -2.6873400e+01   2.9887800e+01
   4.9000000e-01  -2.6154310e+01   3.0456890e+01
   4.9500000e-01  -2.5447170e+01   3.1029800e+01
   5.0000000e-01  -2.4752750e+01   3.1606490e+01
   5.0500000e-01  -2.4071790e+01   3.2186890e+01
   5.1000000e-01  -2.3404970e+01   3.2770940e+01
   5.1500000e-01  -2.2752930e+01   3.3358600e+01
   5.2000000e-01  -2.2116250e+01   3.3949790e+01
   5.2500000e-01  -2.1495470e+01   3.4544470e+01
   5.3000000e-01  -2.0891060e+01   3.5142570e+01
   5.3500000e-01  -2.0303450e+01   3.5744030e+01
   5.4000000e-01  -1.9732990e+01   3.6348780e+01
   5.4500000e-01  -1.9179970e+01   3.6956780e+01
   5.5000000e-01  -1.8644640e+01   3.7567960e+01
   5.5500000e-01  -1.8127150e+01   3.8182260e+01
   5.6000000e-01  -1.7627620e+01   3.8799620e+01
   5.6500000e-01  -1.7146080e+01   3.9419970e+01
   5.7000000e-01  -1.6682510e+01   4.0043250e+01
   5.7500000e-01  -1.6236830e+01   4.0669410e+01
   5.8000000e-01  -1.5808870e+01   4.1298370e+01
   5.8500000e-01  -1.5398440e+01   4.1930080e+01
   5.9000000e-01  -1.5005260e+01   4.2564470e+01
   5.9500000e-01  -1.4628980e+01   4.3201480e+01
   6.0000000e-01  -1.4269230e+01   4.3841050e+01
   6.0500000e-01  -1.3925550e+01   4.4483110e+01
   6.1000000e-01  -1.3597450e+01   4.5127590e+01
   6.1500000e-01  -1.3284380e+01   4.5774440e+01
   6.2000000e-01  -1.2985730e+01   4.6423590e+01
   6.2500000e-01  -1.2700880e+01   4.7074970e+01
   6.3000000e-01  -1.2429120e+01   4.7728510e+01
   6.3500000e-01  -1.2169750e+01   4.8384160e+01
   6.4000000e-01  -1.1922000e+01   4.9041850e+01
   6.4500000e-01  -1.1685100e+01   4.9701510e+01
   6.5000000e-01  -1.1458210e+01   5.0363070e+01
   6.5500000e-01  -1.1240500e+01   5.1026470e+01
   6.6000000e-01  -1.1031100e+01   5.1691650e+01
   6.6500000e-01  -1.0829150e+01   5.2358530e+01
   6.7000000e-01  -1.0633740e+01   5.3027050e+01
   6.7500000e-01  -1.0443970e+01   5.3697140e+01
   6.8000000e-01  -1.0258930e+01   5.4368740e+01
   6.8500000e-01  -1.0077720e+01   5.5041780e+01
   6.9000000e-01  -9.8994090e+00   5.5716190e+01
   6.9500000e-01  -9.7231010e+00   5.6391910e+01
   7.0000000e-01  -9.5478900e+00   5.7068860e+01
   7.0500000e-01  -9.3728850e+00   5.7746970e+01
   7.1000000e-01  -9.1972070e+00   5.8426190e+01
   7.1500000e-01  -9.0199910e+00   5.9106440e+01
   7.2000000e-01  -8.8403920e+00   5.9787660e+01
   7.2500000e-01  -8.6575870e+00   6.0469780e+01
   7.3000000e-01  -8.4707710e+00   6.1152720e+01
   7.3500000e-01  -8.2791710e+00   6.1836420e+01
   7.4000000e-01  -8.0820350e+00   6.2520810e+01
   7.4500000e-01  -7.8786440e+00   6.3205830e+01
   7.5000000e-01  -7.6683080e+00   6.3891400e+01
   7.5500000e-01  -7.4503700e+00   6.4577460e+01
   7.6000000e-01  -7.2242050e+00   6.5263940e+01
   7.6500000e-01  -6.9892240e+00   6.5950760e+01
   7.7000000e-01  -6.7448730e+00   6.6637870e+01
   7.7500000e-01  -6.4906350e+00   6.7325190e+01
   7.8000000e-01  -6.2260280e+00   6.8012650e+01
   7.8500000e-01  -5.9506090e+00   6.8700180e+01
   7.9000000e-01  -5.6639740e+00   6.9387720e+01
   7.9500000e-01  -5.3657550e+00   7.0075200e+01
   8.0000000e-01  -5.0556230e+00   7.0762550e+01
   8.0500000e-01  -4.7332860e+00   7.1449690e+01
   8.1000000e-01  -4.3984920e+00   7.2136570e+01
   8.1500000e-01  -4.0510250e+00   7.2823100e+01
   8.2000000e-01  -3.6907060e+00   7.3509230e+01
   8.2500000e-01  -3.3173930e+00   7.4194890e+01
   8.3000000e-01  -2.9309810e+00   7.4880000e+01
   8.3500000e-01  -2.5313990e+00   7.5564500e+01
   8.4000000e-01  -2.1186110e+00   7.6248310e+01
   8.4500000e-01  -1.6926140e+00   7.6931380e+01
   8.5000000e-01  -1.2534390e+00   7.7613630e+01
   8.5500000e-01  -8.0114850e-01   7.8294990e+01
   8.6000000e-01  -3.3583500e-01   7.8975400e+01
   8.6500000e-01   1.4237860e-01   7.9654790e+01
   8.7000000e-01   6.3334110e-01   8.0333090e+01
   8.7500000e-01   1.1368740e+00   8.1010230e+01
   8.8000000e-01   1.6527720e+00   8.1686150e+01
   8.8500000e-01   2.1808050e+00   8.2360770e+01
   8.9000000e-01   2.7207190e+00   8.3034030e+01
   8.9500000e-01   3.2722390e+00   8.3705860e+01
   9.0000000e-01   3.8350660e+00   8.4376200e+01
   9.0500000e-01   4.4088830e+00   8.5044980e+01
   9.1000000e-01   4.9933530e+00   8.5712120e+01
   9.1500000e-01   5.5881210e+00   8.6377580e+01
   9.2000000e-01   6.1928180e+00   8.7041260e+01
   9.2500000e-01   6.8070570e+00   8.7703130e+01
   9.3000000e-01   7.4304380e+00   8.8363090e+01
   9.3500000e-01   8.0625500e+00   8.9021100e+01
   9.4000000e-01   8.7029680e+00   8.9677070e+01
   9.4500000e-01   9.3512590e+00   9.0330960e+01
   9.5000000e-01   1.0006980e+01   9.0982690e+01
   9.5500000e-01   1.0669670e+01   9.1632190e+01
   9.6000000e-01   1.1338890e+01   9.2279410e+01
   9.6500000e-01   1.2014160e+01   9.2924280e+01
   9.7000000e-01   1.2695010e+01   9.3566730e+01
   9.7500000e-01   1.3380980e+01   9.4206690e+01
   9.8000000e-01   1.4071580e+01   9.4844120e+01
   9.8500000e-01   1.4766340e+01   9.5478930e+01
   9.9000000e-01   1.5464770e+01   9.6111070e+01
   9.9500000e-01   1.6166410e+01   9.6740480e+01
   1.0000000e+00   1.6870760e+01   9.7367080e+01
   1.0050000e+00   1.7577360e+01   9.7990830e+01
   1.0100000e+00   1.8285730e+01   9.8611650e+01
   1.0150000e+00   1.8995390e+01   9.9229490e+01
   1.0200000e+00   1.9705880e+01   9.9844280e+01
   1.0250000e+00   2.0416740e+01   1.0045600e+02
   1.0300000e+00   2.1127510e+01   1.0106450e+02
   1.0350000e+00   2.1837730e+01   1.0166970e+02
   1.0400000e+00   2.2546960e+01   1.0227170e+02
   1.0450000e+00   2.3254770e+01   1.0287040e+02
   1.0500000e+00   2.3960710e+01   1.0346560e+02
   1.0550000e+00   2.4664380e+01   1.0405740e+02
   1.0600000e+00   2.5365350e+01   1.0464560e+02
   1.0650000e+00   2.6063210e+01   1.0523020e+02
   1.0700000e+00   2.6757580e+01   1.0581120e+02
   1.0750000e+00   2.7448070e+01   1.0638850e+02
   1.0800000e+00   2.8134290e+01   1.0696200e+02
   1.0850000e+00   2.8815900e+01   1.0753170e+02
   1.0900000e+00   2.9492520e+01   1.0809750e+02
   1.0950000e+00   3.0163830e+01   1.0865940e+02
   1.1000000e+00   3.0829480e+01   1.0921730e+02
   1.1050000e+00   3.1489160e+01   1.0977110e+02
   1.1100000e+00   3.2142560e+01   1.1032090e+02
   1.1150000e+00   3.2789380e+01   1.1086650e+02
   1.1200000e+00   3.3429350e+01   1.1140790e+02
   1.1250000e+00   3.4062180e+01   1.1194500e+02
   1.1300000e+00   3.4687630e+01   1.1247780e+02
   1.1350000e+00   3.5305440e+01   1.1300620e+02
   1.1400000e+00   3.5915390e+01   1.1353020e+02
   1.1450000e+00   3.6517240e+01   1.1404970e+02
   1.1500000e+00   3.7110800e+01   1.1456470e+02
   1.1550000e+00   3.7695870e+01   1.1507510e+02
   1.1600000e+00   3.8272270e+01   1.1558090e+02
   1.1650000e+00   3.8839820e+01   1.1608200e+02
   1.1700000e+00   3.9398370e+01   1.1657830e+02
   1.1750000e+00   3.9947780e+01   1.1706990e+02
   1.1800000e+00   4.0487910e+01   1.1755670e+02
   1.1850000e+00   4.1018650e+01   1.1803850e+02
   1.1900000e+00   4.1539890e+01   1.1851550e+02
   1.1950000e+00   4.2051530e+01   1.1898750e+02
   1.2000000e+00   4.2553490e+01   1.1945440e+02
   1.2050000e+00   4.3045700e+01   1.1991630e+02
   1.2100000e+00   4.3528100e+01   1.2037300e+02
   1.2150000e+00   4.4000640e+01   1.2082460e+02
   1.2200000e+00   4.4463290e+01   1.2127100e+02
   1.2250000e+00   4.4916010e+01   1.2171210e+02
   1.2300000e+00   4.5358800e+01   1.2214800e+02
   1.2350000e+00   4.5791640e+01   1.2257850e+02
   1.2400000e+00   4.6214540e+01   1.2300360e+02
   1.2450000e+00   4.6627520e+01   1.2342330e+02
   1.2500000e+00   4.7030600e+01   1.2383750e+02
   1.2550000e+00   4.7423820e+01   1.2424620e+02
   1.2600000e+00   4.7807220e+01   1.2464940e+02
   1.2650000e+00   4.8180840e+01   1.2504700e+02
   1.2700000e+00   4.8544750e+01   1.2543890e+02
   1.2750000e+00   4.8899020e+01   1.2582520e+02
   1.2800000e+00   4.9243710e+01   1.2620580e+02
   1.2850000e+00   4.9578920e+01   1.2658060e+02
   1.2900000e+00   4.9904730e+01   1.2694970e+02
   1.2950000e+00   5.0221240e+01   1.2731290e+02
   1.3000000e+00   5.0528550e+01   1.2767030e+02
   1.3050000e+00   5.0826760e+01   1.2802170e+02
   1.3100000e+00   5.1116000e+01   1.2836730e+02
   1.3150000e+00   5.1396370e+01   1.2870690e+02
   1.3200000e+00   5.1668010e+01   1.2904050e+02
   1.3250000e+00   5.1931030e+01   1.2936810e+02
   1.3300000e+00   5.2185570e+01   1.2968960e+02
   1.3350000e+00   5.2431770e+01   1.3000500e+02
   1.3400000e+00   5.2669770e+01   1.3031430e+02
   1.3450000e+00   5.2899690e+01   1.3061740e+02
   1.3500000e+00   5.3121700e+01   1.3091440e+02
   1.3550000e+00   5.3335930e+01   1.3120510e+02
   1.3600000e+00   5.3542530e+01   1.3148960e+02
   1.3650000e+00   5.3741660e+01   1.3176780e+02
   1.3700000e+00   5.3933450e+01   1.3203970e+02
   1.3750000e+00   5.4118070e+01   1.3230530e+02
   1.3800000e+00   5.4295670e+01   1.3256450e+02
   1.3850000e+00   5.4466400e+01   1.3281740e+02
   1.3900000e+00   5.4630400e+01   1.3306380e+02
   1.3950000e+00   5.4787840e+01   1.3330380e+02
   1.4000000e+00   5.4938860e+01   1.3353740e+02
   1.4050000e+00   5.5083610e+01   1.3376440e+02
   1.4100000e+00   5.5222250e+01   1.3398500e+02
   1.4150000e+00   5.5354910e+01   1.3419910e+02
   1.4200000e+00   5.5481750e+01   1.3440660e+02
   1.4250000e+00   5.5602900e+01   1.3460750e+02
   1.4300000e+00   5.5718510e+01   1.3480190e+02
   1.4350000e+00   5.5828720e+01   1.3498960e+02
   1.4400000e+00   5.5933660e+01   1.3517080e+02
   1.4450000e+00   5.6033470e+01   1.3534530e+02
   1.4500000e+00   5.6128270e+01   1.3551310e+02
   1.4550000e+00   5.6218200e+01   1.3567430e+02
   1.4600000e+00   5.6303360e+01   1.3582870e+02
   1.4650000e+00   5.6383880e+01   1.3597650e+02
   1.4700000e+00   5.6459890e+01   1.3611750e+02
   1.4750000e+00   5.6531470e+01   1.3625180e+02
   1.4800000e+00   5.6598750e+01   1.3637940e+02
   1.4850000e+00   5.6661820e+01   1.3650010e+02
   1.4900000e+00   5.6720780e+01   1.3661420e+02
   1.4950000e+00   5.6775730e+01   1.3672140e+02
   1.5000000e+00   5.6826740e+01   1.3682180e+02
   1.5050000e+00   5.6873900e+01   1.3691540e+02
   1.5100000e+00   5.6917290e+01   1.3700220e+02
   1.5150000e+00   5.6956980e+01   1.3708220e+02
   1.5200000e+00   5.6993040e+01   1.3715540e+02
   1.5250000e+00   5.7025530e+01   1.3722170e+02
   1.5300000e+00   5.7054500e+01   1.3728110e+02
   1.5350000e+00   5.7080000e+01   1.3733370e+02
   1.5400000e+00   5.7102080e+01   1.3737950e+02
   1.5450000e+00   5.7120780e+01   1.3741840e+02
   1.5500000e+00   5.7136130e+01   1.3745040e+02
   1.5550000e+00   5.7148150e+01   1.3747560e+02
   1.5600000e+00   5.7156870e+01   1.3749380e+02
   1.5650000e+00   5.7162300e+01   1.3750530e+02
   1.5700000e+00   5.7164460e+01   1.3750980e+02
   1.5750000e+00   5.7163350e+01   1.3750740e+02
   1.5800000e+00   5.7158960e+01   1.3749820e+02
   1.5850000e+00   5.7151280e+01   1.3748210e+02
   1.5900000e+00   5.7140320e+01   1.3745920e+02
   1.5950000e+00   5.7126030e+01   1.3742930e+02
   1.6000000e+00   5.7108400e+01   1.3739260e+02
   1.6050000e+00   5.7087410e+01   1.3734910e+02
   1.6100000e+00   5.7063000e+01   1.3729860e+02
   1.6150000e+00   5.7035140e+01   1.3724140e+02
   1.6200000e+00   5.7003780e+01   1.3717720e+02
   1.6250000e+00   5.6968860e+01   1.3710630e+02
   1.6300000e+00   5.6930330e+01   1.3702850e+02
   1.6350000e+00   5.6888130e+01   1.3694380e+02
   1.6400000e+00   5.6842170e+01   1.3685240e+02
   1.6450000e+00   5.6792400e+01   1.3675410e+02
   1.6500000e+00   5.6738710e+01   1.3664900e+02
   1.6550000e+00   5.6681040e+01   1.3653720e+02
   1.6600000e+00   5.6619290e+01   1.3641860e+02
   1.6650000e+00   5.6553360e+01   1.3629320e+02
   1.6700000e+00   5.6483160e+01   1.3616100e+02
   1.6750000e+00   5.6408580e+01   1.3602210e+02
   1.6800000e+00   5.6329510e+01   1.3587650e+02
   1.6850000e+00   5.6245830e+01   1.3572420e+02
   1.6900000e+00   5.6157440e+01   1.3556520e+02
   1.6950000e+00   5.6064210e+01   1.3539950e+02
   1.7000000e+00   5.5966010e+01   1.3522710e+02
   1.7050000e+00   5.5862720e+01   1.3504810e+02
   1.7100000e+00   5.5754200e+01   1.3486240e+02
   1.7150000e+00   5.5640320e+01   1.3467020e+02
   1.7200000e+00   5.5520950e+01   1.3447130e+02
   1.7250000e+00   5.5395940e+01   1.3426590e+02
   1.7300000e+00   5.5265140e+01   1.3405390e+02
   1.7350000e+00   5.5128430e+01   1.3383540e+02
   1.7400000e+00   5.4985640e+01   1.3361040e+02
   1.7450000e+00   5.4836630e+01   1.3337890e+02
   1.7500000e+00   5.4681260e+01   1.3314100e+02
   1.7550000e+00   5.4519360e+01   1.3289660e+02
   1.7600000e+00   5.4350790e+01   1.3264570e+02
   1.7650000e+00   5.4175400e+01   1.3238850e+02
   1.7700000e+00   5.3993030e+01   1.3212500e+02
   1.7750000e+00   5.3803540e+01   1.3185510e+02
   1.7800000e+00   5.3606760e+01   1.3157890e+02
   1.7850000e+00   5.3402560e+01   1.3129640e+02
   1.7900000e+00   5.3190770e+01   1.3100760e+02
   1.7950000e+00   5.2971260e+01   1.3071270e+02
   1.8000000e+00   5.2743870e+01   1.3041150e+02
   1.8050000e+00   5.2508470e+01   1.3010420e+02
   1.8100000e+00   5.2264900e+01   1.2979070e+02
   1.8150000e+00   5.2013020e+01   1.2947110e+02
   1.8200000e+00   5.1752720e+01   1.2914550e+02
   1.8250000e+00   5.1483840e+01   1.2881380e+02
   1.8300000e+00   5.1206260e+01   1.2847610e+02
   1.8350000e+00   5.0919860e+01   1.2813250e+02
   1.8400000e+00   5.0624520e+01   1.2778290e+02
   1.8450000e+00   5.0320120e+01   1.2742740e+02
   1.8500000e+00   5.0006560e+01   1.2706600e+02
   1.8550000e+00   4.9683720e+01   1.2669880e+02
   1.8600000e+00   4.9351510e+01   1.2632580e+02
   1.8650000e+00   4.9009850e+01   1.2594710e+02
   1.8700000e+00   4.8658640e+01   1.2556260e+02
   1.8750000e+00   4.8297810e+01   1.2517240e+02
   1.8800000e+00   4.7927280e+01   1.2477670e+02
   1.8850000e+00   4.7547010e+01   1.2437530e+02
   1.8900000e+00   4.7156920e+01   1.2396830e+02
   1.8950000e+00   4.6756990e+01   1.2355580e+02
   1.9000000e+00   4.6347160e+01   1.2313790e+02
   1.9050000e+00   4.5927420e+01   1.2271450e+02
   1.9100000e+00   4.5497750e+01   1.2228570e+02
   1.9150000e+00   4.5058130e+01   1.2185150e+02
   1.9200000e+00   4.4608570e+01   1.2141210e+02
   1.9250000e+00   4.4149090e+01   1.2096740e+02
   1.9300000e+00   4.3679690e+01   1.2051740e+02
   1.9350000e+00   4.3200430e+01   1.2006230e+02
   1.9400000e+00   4.2711340e+01   1.1960210e+02
   1.9450000e+00   4.2212480e+01   1.1913670e+02
   1.9500000e+00   4.1703910e+01   1.1866640e+02
   1.9550000e+00   4.1185720e+01   1.1819100e+02
   1.9600000e+00   4.0658000e+01   1.1771070e+02
   1.9650000e+00   4.0120840e+01   1.1722550e+02
   1.9700000e+00   3.9574370e+01   1.1673550e+02
   1.9750000e+00   3.9018720e+01   1.1624060e+02
   1.9800000e+00   3.8454020e+01   1.1574100e+02
   1.9850000e+00   3.7880420e+01   1.1523670e+02
   1.9900000e+00   3.7298090e+01   1.1472780e+02
   1.9950000e+00   3.6707220e+01   1.1421420e+02
   2.0000000e+00   3.6107980e+01   1.1369620e+02
   2.0050000e+00   3.5500590e+01   1.1317360e+02
   2.0100000e+00   3.4885260e+01   1.1264660e+02
   2.0150000e+00   3.4262220e+01   1.1211520e+02
   2.0200000e+00   3.3631710e+01   1.1157940e+02
   2.0250000e+00   3.2993990e+01   1.1103940e+02
   2.0300000e+00   3.2349320e+01   1.1049510e+02
   2.0350000e+00   3.1697980e+01   1.0994670e+02
   2.0400000e+00   3.1040270e+01   1.0939420e+02
   2.0450000e+00   3.0376490e+01   1.0883750e+02
   2.0500000e+00   2.9706950e+01   1.0827690e+02
   2.0550000e+00   2.9031980e+01   1.0771230e+02
   2.0600000e+00   2.8351920e+01   1.0714390e+02
   2.0650000e+00   2.7667130e+01   1.0657160e+02
   2.0700000e+00   2.6977960e+01   1.0599550e+02
   2.0750000e+00   2.6284790e+01   1.0541570e+02
   2.0800000e+00   2.5587990e+01   1.0483220e+02
   2.0850000e+00   2.4887970e+01   1.0424510e+02
   2.0900000e+00   2.4185120e+01   1.0365450e+02
   2.0950000e+00   2.3479860e+01   1.0306030e+02
   2.1000000e+00   2.2772600e+01   1.0246280e+02
   2.1050000e+00   2.2063770e+01   1.0186190e+02
   2.1100000e+00   2.1353810e+01   1.0125760e+02
   2.1150000e+00   2.0643170e+01   1.0065010e+02
   2.1200000e+00   1.9932290e+01   1.0003950e+02
   2.1250000e+00   1.9221630e+01   9.9425650e+01
   2.1300000e+00   1.8511660e+01   9.8808780e+01
   2.1350000e+00   1.7802830e+01   9.8188900e+01
   2.1400000e+00   1.7095610e+01   9.7566080e+01
   2.1450000e+00   1.6390490e+01   9.6940380e+01
   2.1500000e+00   1.5687940e+01   9.6311860e+01
   2.1550000e+00   1.4988430e+01   9.5680580e+01
   2.1600000e+00   1.4292450e+01   9.5046610e+01
   2.1650000e+00   1.3600480e+01   9.4410010e+01
   2.1700000e+00   1.2912980e+01   9.3770850e+01
   2.1750000e+00   1.2230450e+01   9.3129180e+01
   2.1800000e+00   1.1553350e+01   9.2485080e+01
   2.1850000e+00   1.0882150e+01   9.1838600e+01
   2.1900000e+00   1.0217330e+01   9.1189820e+01
   2.1950000e+00   9.5593400e+00   9.0538790e+01
   2.2000000e+00   8.9086350e+00   8.9885590e+01
   2.2050000e+00   8.2656620e+00   8.9230270e+01
   2.2100000e+00   7.6308570e+00   8.8572900e+01
   2.2150000e+00   7.0046500e+00   8.7913550e+01
   2.2200000e+00   6.3874550e+00   8.7252290e+01
   2.2250000e+00   5.7796760e+00   8.6589180e+01
   2.2300000e+00   5.1817040e+00   8.5924280e+01
   2.2350000e+00   4.5939150e+00   8.5257660e+01
   2.2400000e+00   4.0166680e+00   8.4589400e+01
   2.2450000e+00   3.4503050e+00   8.3919550e+01
   2.2500000e+00   2.8951500e+00   8.3248190e+01
   2.2550000e+00   2.3515070e+00   8.2575370e+01
   2.2600000e+00   1.8196610e+00   8.1901180e+01
   2.2650000e+00   1.2998710e+00   8.1225670e+01
   2.2700000e+00   7.9237660e-01   8.0548910e+01
   2.2750000e+00   2.9738950e-01   7.9870970e+01
   2.2800000e+00  -1.8490280e-01   7.9191920e+01
   2.2850000e+00  -6.5434000e-01   7.8511830e+01
   2.2900000e+00  -1.1107900e+00   7.7830770e+01
   2.2950000e+00  -1.5541510e+00   7.7148790e+01
   2.3000000e+00  -1.9843500e+00   7.6465980e+01
   2.3050000e+00  -2.4013470e+00   7.5782390e+01
   2.3100000e+00  -2.8051340e+00   7.5098100e+01
   2.3150000e+00  -3.1957350e+00   7.4413180e+01
   2.3200000e+00  -3.5732100e+00   7.3727690e+01
   2.3250000e+00  -3.9376540e+00   7.3041700e+01
   2.3300000e+00  -4.2891980e+00   7.2355290e+01
   2.3350000e+00  -4.6280070e+00   7.1668510e+01
   2.3400000e+00  -4.9542860e+00   7.0981450e+01
   2.3450000e+00  -5.2682760e+00   7.0294160e+01
   2.3500000e+00  -5.5702560e+00   6.9606720e+01
   2.3550000e+00  -5.8605430e+00   6.8919190e+01
   2.3600000e+00  -6.1394920e+00   6.8231650e+01
   2.3650000e+00  -6.4074960e+00   6.7544150e+01
   2.3700000e+00  -6.6649870e+00   6.6856780e+01
   2.3750000e+00  -6.9124330e+00   6.6169600e+01
   2.3800000e+00  -7.1503410e+00   6.5482680e+01
   2.3850000e+00  -7.3792510e+00   6.4796080e+01
   2.3900000e+00  -7.5997440e+00   6.4109880e+01
   2.3950000e+00  -7.8124320e+00   6.3424150e+01
   2.4000000e+00  -8.0179610e+00   6.2738950e+01
   2.4050000e+00  -8.2170130e+00   6.2054350e+01
   2.4100000e+00  -8.4102960e+00   6.1370420e+01
   2.4150000e+00  -8.5985530e+00   6.0687230e+01
   2.4200000e+00  -8.7825500e+00   6.0004840e+01
   2.4250000e+00  -8.9630820e+00   5.9323330e+01
   2.4300000e+00  -9.1409660e+00   5.8642770e+01
   2.4350000e+00  -9.3170410e+00   5.7963210e+01
   2.4400000e+00  -9.4921660e+00   5.7284730e+01
   2.4450000e+00  -9.6672140e+00   5.6607400e+01
   2.4500000e+00  -9.8430750e+00   5.5931290e+01
   2.4550000e+00  -1.0020650e+01   5.5256460e+01
   2.4600000e+00  -1.0200840e+01   5.4582970e+01
   2.4650000e+00  -1.0384560e+01   5.3910910e+01
   2.4700000e+00  -1.0572720e+01   5.3240330e+01
   2.4750000e+00  -1.0766230e+01   5.2571300e+01
   2.4800000e+00  -1.0966010e+01   5.1903890e+01
   2.4850000e+00  -1.1172940e+01   5.1238160e+01
   2.4900000e+00  -1.1387900e+01   5.0574190e+01
   2.4950000e+00  -1.1611780e+01   4.9912030e+01
   2.5000000e+00  -1.1845400e+01   4.9251760e+01
   2.5050000e+00  -1.2089610e+01   4.8593440e+01
   2.5100000e+00  -1.2345200e+01   4.7937130e+01
   2.5150000e+00  -1.2612930e+01   4.7282910e+01
   2.5200000e+00  -1.2893530e+01   4.6630830e+01
   2.5250000e+00  -1.3187710e+01   4.5980970e+01
   2.5300000e+00  -1.3496120e+01   4.5333380e+01
   2.5350000e+00  -1.3819380e+01   4.4688140e+01
   2.5400000e+00  -1.4158040e+01   4.4045300e+01
   2.5450000e+00  -1.4512620e+01   4.3404930e+01
   2.5500000e+00  -1.4883580e+01   4.2767100e+01
   2.5550000e+00  -1.5271340e+01   4.2131870e+01
   2.5600000e+00  -1.5676250e+01   4.1499300e+01
   2.5650000e+00  -1.6098590e+01   4.0869450e+01
   2.5700000e+00  -1.6538610e+01   4.0242390e+01
   2.5750000e+00  -1.6996470e+01   3.9618190e+01
   2.5800000e+00  -1.7472280e+01   3.8996900e+01
   2.5850000e+00  -1.7966080e+01   3.8378580e+01
   2.5900000e+00  -1.8477860e+01   3.7763300e+01
   2.5950000e+00  -1.9007530e+01   3.7151120e+01
   2.6000000e+00  -1.9554930e+01   3.6542100e+01
   2.6050000e+00  -2.0119870e+01   3.5936300e+01
   2.6100000e+00  -2.0702050e+01   3.5333790e+01
   2.6150000e+00  -2.1301150e+01   3.4734610e+01
   2.6200000e+00  -2.1916760e+01   3.4138840e+01
   2.6250000e+00  -2.2548430e+01   3.3546530e+01
   2.6300000e+00  -2.3195640e+01   3.2957740e+01
   2.6350000e+00  -2.3857820e+01   3.2372530e+01
   2.6400000e+00  -2.4534350e+01   3.1790960e+01
   2.6450000e+00  -2.5224560e+01   3.1213080e+01
   2.6500000e+00  -2.5927730e+01   3.0638960e+01
   2.6550000e+00  -2.6643100e+01   3.0068650e+01
   2.6600000e+00  -2.7369860e+01   2.9502210e+01
   2.6650000e+00  -2.8107190e+01   2.8939700e+01
   2.6700000e+00  -2.8854210e+01   2.8381160e+01
   2.6750000e+00  -2.9610020e+01   2.7826670e+01
   2.6800000e+00  -3.0373690e+01   2.7276260e+01
   2.6850000e+00  -3.1144290e+01   2.6730010e+01
   2.6900000e+00  -3.1920860e+01   2.6187950e+01
   2.6950000e+00  -3.2702410e+01   2.5650150e+01
   2.7000000e+00  -3.3487960e+01   2.5116670e+01
   2.7050000e+00  -3.4276530e+01   2.4587540e+01
   2.7100000e+00  -3.5067130e+01   2.4062840e+01
   2.7150000e+00  -3.5858770e+01   2.3542600e+01
   2.7200000e+00  -3.6650470e+01   2.3026890e+01
   2.7250000e+00  -3.7441260e+01   2.2515740e+01
   2.7300000e+00  -3.8230190e+01   2.2009220e+01
   2.7350000e+00  -3.9016320e+01   2.1507380e+01
   2.7400000e+00  -3.9798730e+01   2.1010260e+01
   2.7450000e+00  -4.0576530e+01   2.0517910e+01
   2.7500000e+00  -4.1348850e+01   2.0030390e+01
   2.7550000e+00  -4.2114840e+01   1.9547740e+01
   2.7600000e+00  -4.2873700e+01   1.9070010e+01
   2.7650000e+00  -4.3624660e+01   1.8597250e+01
   2.7700000e+00  -4.4366960e+01   1.8129510e+01
   2.7750000e+00  -4.5099920e+01   1.7666830e+01
   2.7800000e+00  -4.5822840e+01   1.7209250e+01
   2.7850000e+00  -4.6535120e+01   1.6756830e+01
   2.7900000e+00  -4.7236160e+01   1.6309610e+01
   2.7950000e+00  -4.7925420e+01   1.5867640e+01
   2.8000000e+00  -4.8602380e+01   1.5430950e+01
   2.8050000e+00  -4.9266590e+01   1.4999600e+01
   2.8100000e+00  -4.9917620e+01   1.4573620e+01
   2.8150000e+00  -5.0555090e+01   1.4153060e+01
   2.8200000e+00  -5.1178660e+01   1.3737960e+01
   2.8250000e+00  -5.1788040e+01   1.3328360e+01
   2.8300000e+00  -5.2382950e+01   1.2924310e+01
   2.8350000e+00  -5.2963200e+01   1.2525840e+01
   2.8400000e+00  -5.3528580e+01   1.2132990e+01
   2.8450000e+00  -5.4078970e+01   1.1745800e+01
   2.8500000e+00  -5.4614260e+01   1.1364310e+01
   2.8550000e+00  -5.5134370e+01   1.0988560e+01
   2.8600000e+00  -5.5639270e+01   1.0618590e+01
   2.8650000e+00  -5.6128950e+01   1.0254440e+01
   2.8700000e+00  -5.6603440e+01   9.8961280e+00
   2.8750000e+00  -5.7062800e+01   9.5437060e+00
   2.8800000e+00  -5.7507110e+01   9.1972060e+00
   2.8850000e+00  -5.7936480e+01   8.8566610e+00
   2.8900000e+00  -5.8351050e+01   8.5221060e+00
   2.8950000e+00  -5.8750980e+01   8.1935740e+00
   2.9000000e+00  -5.9136440e+01   7.8710980e+00
   2.9050000e+00  -5.9507640e+01   7.5547110e+00
   2.9100000e+00  -5.9864790e+01   7.2444430e+00
   2.9150000e+00  -6.0208120e+01   6.9403270e+00
   2.9200000e+00  -6.0537900e+01   6.6423920e+00
   2.9250000e+00  -6.0854380e+01   6.3506680e+00
   2.9300000e+00  -6.1157830e+01   6.0651840e+00
   2.9350000e+00  -6.1448550e+01   5.7859700e+00
   2.9400000e+00  -6.1726820e+01   5.5130520e+00
   2.9450000e+00  -6.1992950e+01   5.2464590e+00
   2.9500000e+00  -6.2247250e+01   4.9862160e+00
   2.9550000e+00  -6.2490030e+01   4.7323500e+00
   2.9600000e+00  -6.2721610e+01   4.4848860e+00
   2.9650000e+00  -6.2942310e+01   4.2438490e+00
   2.9700000e+00  -6.3152440e+01   4.0092640e+00
   2.9750000e+00  -6.3352340e+01   3.7811520e+00
   2.9800000e+00  -6.3542320e+01   3.5595380e+00
   2.9850000e+00  -6.3722710e+01   3.3444440e+00
   2.9900000e+00  -6.3893810e+01   3.1358900e+00
   2.9950000e+00  -6.4055950e+01   2.9338990e+00
   3.0000000e+00  -6.4209420e+01   2.7384890e+00
   3.0050000e+00  -6.4354550e+01   2.5496810e+00
   3.0100000e+00  -6.4491620e+01   2.3674940e+00
   3.0150000e+00  -6.4620930e+01   2.1919450e+00
   3.0200000e+00  -6.4742770e+01   2.0230530e+00
   3.0250000e+00  -6.4857400e+01   1.8608330e+00
   3.0300000e+00  -6.4965110e+01   1.7053030e+00
   3.0350000e+00  -6.5066160e+01   1.5564780e+00
   3.0400000e+00  -6.5160790e+01   1.4143730e+00
   3.0450000e+00  -6.5249250e+01   1.2790010e+00
   3.0500000e+00  -6.5331770e+01   1.1503770e+00
   3.0550000e+00  -6.5408580e+01   1.0285140e+00
   3.0600000e+00  -6.5479890e+01   9.1342320e-01
   3.0650000e+00  -6.5545910e+01   8.0511640e-01
   3.0700000e+00  -6.5606820e+01   7.0360460e-01
   3.0750000e+00  -6.5662800e+01   6.0889790e-01
   3.0800000e+00  -6.5714030e+01   5.2100570e-01
   3.0850000e+00  -6.5760650e+01   4.3993680e-01
   3.0900000e+00  -6.5802830e+01   3.6569940e-01
   3.0950000e+00  -6.5840680e+01   2.9830080e-01
   3.1000000e+00  -6.5874340e+01   2.3774790e-01
   3.1050000e+00  -6.5903910e+01   1.8404660e-01
   3.1100000e+00  -6.5929490e+01   1.3720240e-01
   3.1150000e+00  -6.5951160e+01   9.7219830e-02
   3.1200000e+00  -6.5969010e+01   6.4103010e-02
   3.1250000e+00  -6.5983080e+01   3.7855210e-02
   3.1300000e+00  -6.5993420e+01   1.8479070e-02
   3.1350000e+00  -6.6000080e+01   5.9765160e-03
   3.1400000e+00  -6.6003070e+01   3.4879970e-04
   3.1450000e+00  -6.6002410e+01   1.5964850e-03
   3.1500000e+00  -6.5998090e+01   9.7194460e-03
   3.1550000e+00  -6.5990100e+01   2.4716870e-02
   3.1600000e+00  -6.5978400e+01   4.6587260e-02
   3.1650000e+00  -6.5962970e+01   7.5328430e-02
   3.1700000e+00  -6.5943740e+01   1.1093750e-01
   3.1750000e+00  -6.5920660e+01   1.5341090e-01
   3.1800000e+00  -6.5893640e+01   2.0274440e-01
   3.1850000e+00  -6.5862600e+01   2.5893310e-01
   3.1900000e+00  -6.5827440e+01   3.2197130e-01
   3.1950000e+00  -6.5788030e+01   3.9185280e-01
   3.2000000e+00  -6.5744250e+01   4.6857050e-01
   3.2050000e+00  -6.5695970e+01   5.5211680e-01
   3.2100000e+00  -6.5643040e+01   6.4248330e-01
   3.2150000e+00  -6.5585290e+01   7.3966100e-01
   3.2200000e+00  -6.5522550e+01   8.4364010e-01
   3.2250000e+00  -6.5454630e+01   9.5441040e-01
   3.2300000e+00  -6.5381350e+01   1.0719610e+00
   3.2350000e+00  -6.5302490e+01   1.1962790e+00
   3.2400000e+00  -6.5217840e+01   1.3273530e+00
   3.2450000e+00  -6.5127170e+01   1.4651700e+00
   3.2500000e+00  -6.5030240e+01   1.6097160e+00
   3.2550000e+00  -6.4926810e+01   1.7609770e+00
   3.2600000e+00  -6.4816610e+01   1.9189360e+00
   3.2650000e+00  -6.4699400e+01   2.0835800e+00
   3.2700000e+00  -6.4574880e+01   2.2548900e+00
   3.2750000e+00  -6.4442790e+01   2.4328500e+00
   3.2800000e+00  -6.4302830e+01   2.6174430e+00
   3.2850000e+00  -6.4154700e+01   2.8086490e+00
   3.2900000e+00  -6.3998120e+01   3.0064500e+00
   3.2950000e+00  -6.3832760e+01   3.2108250e+00
   3.3000000e+00  -6.3658330e+01   3.4217550e+00
   3.3050000e+00  -6.3474500e+01   3.6392180e+00
   3.3100000e+00  -6.3280950e+01   3.8631930e+00
   3.3150000e+00  -6.3077380e+01   4.0936560e+00
   3.3200000e+00  -6.2863440e+01   4.3305860e+00
   3.3250000e+00  -6.2638840e+01   4.5739590e+00
   3.3300000e+00  -6.2403230e+01   4.8237490e+00
   3.3350000e+00  -6.2156300e+01   5.0799320e+00
   3.3400000e+00  -6.1897750e+01   5.3424830e+00
   3.3450000e+00  -6.1627240e+01   5.6113750e+00
   3.3500000e+00  -6.1344490e+01   5.8865810e+00
   3.3550000e+00  -6.1049180e+01   6.1680740e+00
   3.3600000e+00  -6.0741040e+01   6.4558260e+00
   3.3650000e+00  -6.0419760e+01   6.7498070e+00
   3.3700000e+00  -6.0085090e+01   7.0499890e+00
   3.3750000e+00  -5.9736770e+01   7.3563420e+00
   3.3800000e+00  -5.9374550e+01   7.6688340e+00
   3.3850000e+00  -5.8998200e+01   7.9874350e+00
   3.3900000e+00  -5.8607510e+01   8.3121120e+00
   3.3950000e+00  -5.8202290e+01   8.6428340e+00
   3.4000000e+00  -5.7782370e+01   8.9795670e+00
   3.4050000e+00  -5.7347590e+01   9.3222780e+00
   3.4100000e+00  -5.6897820e+01   9.6709310e+00
   3.4150000e+00  -5.6432980e+01   1.0025490e+01
   3.4200000e+00  -5.5952980e+01   1.0385930e+01
   3.4250000e+00  -5.5457780e+01   1.0752200e+01
   3.4300000e+00  -5.4947360e+01   1.1124270e+01
   3.4350000e+00  -5.4421730e+01   1.1502110e+01
   3.4400000e+00  -5.3880960e+01   1.1885670e+01
   3.4450000e+00  -5.3325110e+01   1.2274910e+01
   3.4500000e+00  -5.2754310e+01   1.2669810e+01
   3.4550000e+00  -5.2168720e+01   1.3070310e+01
   3.4600000e+00  -5.1568530e+01   1.3476380e+01
   3.4650000e+00  -5.0953970e+01   1.3887980e+01
   3.4700000e+00  -5.0325320e+01   1.4305070e+01
   3.4750000e+00  -4.9682890e+01   1.4727600e+01
   3.4800000e+00  -4.9027030e+01   1.5155540e+01
   3.4850000e+00  -4.8358140e+01   1.5588830e+01
   3.4900000e+00  -4.7676660e+01   1.6027440e+01
   3.4950000e+00  -4.6983060e+01   1.6471320e+01
   3.5000000e+00  -4.6277880e+01   1.6920430e+01
   3.5050000e+00  -4.5561660e+01   1.7374730e+01
   3.5100000e+00  -4.4835020e+01   1.7834160e+01
   3.5150000e+00  -4.4098600e+01   1.8298690e+01
   3.5200000e+00  -4.3353070e+01   1.8768260e+01
   3.5250000e+00  -4.2599160e+01   1.9242830e+01
   3.5300000e+00  -4.1837620e+01   1.9722350e+01
   3.5350000e+00  -4.1069230e+01   2.0206770e+01
   3.5400000e+00  -4.0294830e+01   2.0696050e+01
   3.5450000e+00  -3.9515250e+01   2.1190130e+01
   3.5500000e+00  -3.8731390e+01   2.1688970e+01
   3.5550000e+00  -3.7944130e+01   2.2192520e+01
   3.5600000e+00  -3.7154410e+01   2.2700720e+01
   3.5650000e+00  -3.6363180e+01   2.3213530e+01
   3.5700000e+00  -3.5571390e+01   2.3730900e+01
   3.5750000e+00  -3.4780020e+01   2.4252760e+01
   3.5800000e+00  -3.3990040e+01   2.4779080e+01
   3.5850000e+00  -3.3202450e+01   2.5309790e+01
   3.5900000e+00  -3.2418240e+01   2.5844850e+01
   3.5950000e+00  -3.1638380e+01   2.6384190e+01
   3.6000000e+00  -3.0863870e+01   2.6927780e+01
   3.6050000e+00  -3.0095680e+01   2.7475550e+01
   3.6100000e+00  -2.9334750e+01   2.8027440e+01
   3.6150000e+00  -2.8582020e+01   2.8583410e+01
   3.6200000e+00  -2.7838420e+01   2.9143400e+01
   3.6250000e+00  -2.7104830e+01   2.9707350e+01
   3.6300000e+00  -2.6382100e+01   3.0275200e+01
   3.6350000e+00  -2.5671070e+01   3.0846900e+01
   3.6400000e+00  -2.4972520e+01   3.1422390e+01
   3.6450000e+00  -2.4287200e+01   3.2001610e+01
   3.6500000e+00  -2.3615800e+01   3.2584510e+01
   3.6550000e+00  -2.2958980e+01   3.3171030e+01
   3.6600000e+00  -2.2317350e+01   3.3761100e+01
   3.6650000e+00  -2.1691450e+01   3.4354670e+01
   3.6700000e+00  -2.1081780e+01   3.4951690e+01
   3.6750000e+00  -2.0488780e+01   3.5552080e+01
   3.6800000e+00  -1.9912820e+01   3.6155800e+01
   3.6850000e+00  -1.9354220e+01   3.6762770e+01
   3.6900000e+00  -1.8813230e+01   3.7372940e+01
   3.6950000e+00  -1.8290040e+01   3.7986250e+01
   3.7000000e+00  -1.7784780e+01   3.8602640e+01
   3.7050000e+00  -1.7297510e+01   3.9222050e+01
   3.7100000e+00  -1.6828220e+01   3.9844400e+01
   3.7150000e+00  -1.6376860e+01   4.0469650e+01
   3.7200000e+00  -1.5943280e+01   4.1097730e+01
   3.7250000e+00  -1.5527290e+01   4.1728570e+01
   3.7300000e+00  -1.5128650e+01   4.2362110e+01
   3.7350000e+00  -1.4747020e+01   4.2998300e+01
   3.7400000e+00  -1.4382050e+01   4.3637060e+01
   3.7450000e+00  -1.4033310e+01   4.4278330e+01
   3.7500000e+00  -1.3700300e+01   4.4922050e+01
   3.7550000e+00  -1.3382510e+01   4.5568150e+01
   3.7600000e+00  -1.3079330e+01   4.6216570e+01
   3.7650000e+00  -1.2790160e+01   4.6867240e+01
   3.7700000e+00  -1.2514300e+01   4.7520110e+01
   3.7750000e+00  -1.2251070e+01   4.8175090e+01
   3.7800000e+00  -1.1999710e+01   4.8832140e+01
   3.7850000e+00  -1.1759430e+01   4.9491180e+01
   3.7900000e+00  -1.1529440e+01   5.0152140e+01
   3.7950000e+00  -1.1308900e+01   5.0814960e+01
   3.8000000e+00  -1.1096950e+01   5.1479580e+01
   3.8050000e+00  -1.0892720e+01   5.2145930e+01
   3.8100000e+00  -1.0695320e+01   5.2813930e+01
   3.8150000e+00  -1.0503860e+01   5.3483530e+01
   3.8200000e+00  -1.0317410e+01   5.4154660e+01
   3.8250000e+00  -1.0135080e+01   5.4827250e+01
   3.8300000e+00  -9.9559450e+00   5.5501230e+01
   3.8350000e+00  -9.7790980e+00   5.6176530e+01
   3.8400000e+00  -9.6036350e+00   5.6853100e+01
   3.8450000e+00  -9.4286610e+00   5.7530850e+01
   3.8500000e+00  -9.2532920e+00   5.8209730e+01
   3.8550000e+00  -9.0766580e+00   5.8889660e+01
   3.8600000e+00  -8.8979090e+00   5.9570570e+01
   3.8650000e+00  -8.7162130e+00   6.0252410e+01
   3.8700000e+00  -8.5307610e+00   6.0935090e+01
   3.8750000e+00  -8.3407670e+00   6.1618560e+01
   3.8800000e+00  -8.1454740e+00   6.2302740e+01
   3.8850000e+00  -7.9441520e+00   6.2987570e+01
   3.8900000e+00  -7.7361010e+00   6.3672970e+01
   3.8950000e+00  -7.5206540e+00   6.4358880e+01
   3.9000000e+00  -7.2971750e+00   6.5045230e+01
   3.9050000e+00  -7.0650640e+00   6.5731960e+01
   3.9100000e+00  -6.8237560e+00   6.6418980e+01
   3.9150000e+00  -6.5727210e+00   6.7106240e+01
   3.9200000e+00  -6.3114660e+00   6.7793660e+01
   3.9250000e+00  -6.0395370e+00   6.8481180e+01
   3.9300000e+00  -5.7565170e+00   6.9168730e+01
   3.9350000e+00  -5.4620250e+00   6.9856230e+01
   3.9400000e+00  -5.1557210e+00   7.0543620e+01
   3.9450000e+00  -4.8373010e+00   7.1230840e+01
   3.9500000e+00  -4.5065000e+00   7.1917810e+01
   3.9550000e+00  -4.1630910e+00   7.2604460e+01
   3.9600000e+00  -3.8068830e+00   7.3290730e+01
   3.9650000e+00  -3.4377220e+00   7.3976540e+01
   3.9700000e+00  -3.0554920e+00   7.4661830e+01
   3.9750000e+00  -2.6601110e+00   7.5346530e+01
   3.9800000e+00  -2.2515310e+00   7.6030570e+01
   3.9850000e+00  -1.8297390e+00   7.6713890e+01
   3.9900000e+00  -1.3947570e+00   7.7396410e+01
   3.9950000e+00  -9.4663540e-01   7.8078060e+01
   4.0000000e+00  -4.8545820e-01   7.8758780e+01
   4.0050000e+00  -1.1338600e-02   7.9438500e+01
   4.0100000e+00   4.7558110e-01   8.0117150e+01
   4.0150000e+00   9.7513080e-01   8.0794670e+01
   4.0200000e+00   1.4871140e+00   8.1470980e+01
   4.0250000e+00   2.0113080e+00   8.2146020e+01
   4.0300000e+00   2.5474670e+00   8.2819730e+01
   4.0350000e+00   3.0953210e+00   8.3492020e+01
   4.0400000e+00   3.6545800e+00   8.4162840e+01
   4.0450000e+00   4.2249320e+00   8.4832120e+01
   4.0500000e+00   4.8060460e+00   8.5499800e+01
   4.0550000e+00   5.3975740e+00   8.6165800e+01
   4.0600000e+00   5.9991490e+00   8.6830050e+01
   4.0650000e+00   6.6103910e+00   8.7492500e+01
   4.0700000e+00   7.2309040e+00   8.8153080e+01
   4.0750000e+00   7.8602810e+00   8.8811720e+01
   4.0800000e+00   8.4981000e+00   8.9468350e+01
   4.0850000e+00   9.1439310e+00   9.0122910e+01
   4.0900000e+00   9.7973320e+00   9.0775330e+01
   4.0950000e+00   1.0457860e+01   9.1425550e+01
   4.1000000e+00   1.1125040e+01   9.2073510e+01
   4.1050000e+00   1.1798440e+01   9.2719130e+01
   4.1100000e+00   1.2477560e+01   9.3362350e+01
   4.1150000e+00   1.3161950e+01   9.4003120e+01
   4.1200000e+00   1.3851130e+01   9.4641360e+01
   4.1250000e+00   1.4544610e+01   9.5277010e+01
   4.1300000e+00   1.5241930e+01   9.5910010e+01
   4.1350000e+00   1.5942600e+01   9.6540290e+01
   4.1400000e+00   1.6646140e+01   9.7167800e+01
   4.1450000e+00   1.7352070e+01   9.7792460e+01
   4.1500000e+00   1.8059930e+01   9.8414220e+01
   4.1550000e+00   1.8769230e+01   9.9033020e+01
   4.1600000e+00   1.9479510e+01   9.9648780e+01
   4.1650000e+00   2.0190300e+01   1.0026150e+02
   4.1700000e+00   2.0901140e+01   1.0087100e+02
   4.1750000e+00   2.1611590e+01   1.0147730e+02
   4.1800000e+00   2.2321180e+01   1.0208030e+02
   4.1850000e+00   2.3029490e+01   1.0268010e+02
   4.1900000e+00   2.3736080e+01   1.0327640e+02
   4.1950000e+00   2.4440510e+01   1.0386920e+02
   4.2000000e+00   2.5142380e+01   1.0445860e+02
   4.2050000e+00   2.5841280e+01   1.0504440e+02
   4.2100000e+00   2.6536810e+01   1.0562650e+02
   4.2150000e+00   2.7228570e+01   1.0620500e+02
   4.2200000e+00   2.7916190e+01   1.0677970e+02
   4.2250000e+00   2.8599310e+01   1.0735060e+02
   4.2300000e+00   2.9277560e+01   1.0791770e+02
   4.2350000e+00   2.9950590e+01   1.0848080e+02
   4.2400000e+00   3.0618080e+01   1.0904000e+02
   4.2450000e+00   3.1279700e+01   1.0959520e+02
   4.2500000e+00   3.1935130e+01   1.1014620e+02
   4.2550000e+00   3.2584080e+01   1.1069310e+02
   4.2600000e+00   3.3226260e+01   1.1123590e+02
   4.2650000e+00   3.3861400e+01   1.1177440e+02
   4.2700000e+00   3.4489220e+01   1.1230850e+02
   4.2750000e+00   3.5109490e+01   1.1283830e+02
   4.2800000e+00   3.5721970e+01   1.1336380e+02
   4.2850000e+00   3.6326420e+01   1.1388470e+02
   4.2900000e+00   3.6922650e+01   1.1440120e+02
   4.2950000e+00   3.7510440e+01   1.1491300e+02
   4.3000000e+00   3.8089620e+01   1.1542030e+02
   4.3050000e+00   3.8660000e+01   1.1592290e+02
   4.3100000e+00   3.9221440e+01   1.1642080e+02
   4.3150000e+00   3.9773780e+01   1.1691390e+02
   4.3200000e+00   4.0316880e+01   1.1740220e+02
   4.3250000e+00   4.0850620e+01   1.1788560e+02
   4.3300000e+00   4.1374900e+01   1.1836410e+02
   4.3350000e+00   4.1889610e+01   1.1883770e+02
   4.3400000e+00   4.2394660e+01   1.1930620e+02
   4.3450000e+00   4.2889980e+01   1.1976970e+02
   4.3500000e+00   4.3375510e+01   1.2022810e+02
   4.3550000e+00   4.3851200e+01   1.2068130e+02
   4.3600000e+00   4.4317000e+01   1.2112940e+02
   4.3650000e+00   4.4772880e+01   1.2157220e+02
   4.3700000e+00   4.5218830e+01   1.2200970e+02
   4.3750000e+00   4.5654840e+01   1.2244190e+02
   4.3800000e+00   4.6080910e+01   1.2286880e+02
   4.3850000e+00   4.6497050e+01   1.2329020e+02
   4.3900000e+00   4.6903280e+01   1.2370620e+02
   4.3950000e+00   4.7299640e+01   1.2411660e+02
   4.4000000e+00   4.7686160e+01   1.2452160e+02
   4.4050000e+00   4.8062890e+01   1.2492090e+02
   4.4100000e+00   4.8429880e+01   1.2531470e+02
   4.4150000e+00   4.8787210e+01   1.2570280e+02
   4.4200000e+00   4.9134950e+01   1.2608520e+02
   4.4250000e+00   4.9473170e+01   1.2646180e+02
   4.4300000e+00   4.9801970e+01   1.2683270e+02
   4.4350000e+00   5.0121430e+01   1.2719780e+02
   4.4400000e+00   5.0431650e+01   1.2755710e+02
   4.4450000e+00   5.0732750e+01   1.2791040e+02
   4.4500000e+00   5.1024840e+01   1.2825790e+02
   4.4550000e+00   5.1308020e+01   1.2859940e+02
   4.4600000e+00   5.1582420e+01   1.2893490e+02
   4.4650000e+00   5.1848180e+01   1.2926440e+02
   4.4700000e+00   5.2105410e+01   1.2958780e+02
   4.4750000e+00   5.2354250e+01   1.2990520e+02
   4.4800000e+00   5.2594840e+01   1.3021640e+02
   4.4850000e+00   5.2827320e+01   1.3052150e+02
   4.4900000e+00   5.3051830e+01   1.3082040e+02
   4.4950000e+00   5.3268530e+01   1.3111320e+02
   4.5000000e+00   5.3477540e+01   1.3139960e+02
   4.5050000e+00   5.3679030e+01   1.3167990e+02
   4.5100000e+00   5.3873150e+01   1.3195380e+02
   4.5150000e+00   5.4060040e+01   1.3222140e+02
   4.5200000e+00   5.4239850e+01   1.3248260e+02
   4.5250000e+00   5.4412750e+01   1.3273750e+02
   4.5300000e+00   5.4578880e+01   1.3298600e+02
   4.5350000e+00   5.4738390e+01   1.3322810e+02
   4.5400000e+00   5.4891440e+01   1.3346370e+02
   4.5450000e+00   5.5038170e+01   1.3369280e+02
   4.5500000e+00   5.5178740e+01   1.3391550e+02
   4.5550000e+00   5.5313290e+01   1.3413160e+02
   4.5600000e+00   5.5441970e+01   1.3434120e+02
   4.5650000e+00   5.5564920e+01   1.3454420e+02
   4.5700000e+00   5.5682280e+01   1.3474070e+02
   4.5750000e+00   5.5794200e+01   1.3493060e+02
   4.5800000e+00   5.5900800e+01   1.3511380e+02
   4.5850000e+00   5.6002230e+01   1.3529040e+02
   4.5900000e+00   5.6098610e+01   1.3546040e+02
   4.5950000e+00   5.6190070e+01   1.3562360e+02
   4.6000000e+00   5.6276740e+01   1.3578020e+02
   4.6050000e+00   5.6358730e+01   1.3593010e+02
   4.6100000e+00   5.6436160e+01   1.3607330e+02
   4.6150000e+00   5.6509140e+01   1.3620980e+02
   4.6200000e+00   5.6577780e+01   1.3633950e+02
   4.6250000e+00   5.6642180e+01   1.3646240e+02
   4.6300000e+00   5.6702440e+01   1.3657860e+02
   4.6350000e+00   5.6758650e+01   1.3668800e+02
   4.6400000e+00   5.6810910e+01   1.3679060e+02
   4.6450000e+00   5.6859290e+01   1.3688630e+02
   4.6500000e+00   5.6903880e+01   1.3697530e+02
   4.6550000e+00   5.6944740e+01   1.3705750e+02
   4.6600000e+00   5.6981950e+01   1.3713280e+02
   4.6650000e+00   5.7015570e+01   1.3720130e+02
   4.6700000e+00   5.7045650e+01   1.3726290e+02
   4.6750000e+00   5.7072250e+01   1.3731770e+02
   4.6800000e+00   5.7095420e+01   1.3736570e+02
   4.6850000e+00   5.7115190e+01   1.3740670e+02
   4.6900000e+00   5.7131600e+01   1.3744100e+02
   4.6950000e+00   5.7144680e+01   1.3746830e+02
   4.7000000e+00   5.7154450e+01   1.3748880e+02
   4.7050000e+00   5.7160930e+01   1.3750240e+02
   4.7100000e+00   5.7164130e+01   1.3750910e+02
   4.7150000e+00   5.7164060e+01   1.3750890e+02
   4.7200000e+00   5.7160710e+01   1.3750190e+02
   4.7250000e+00   5.7154090e+01   1.3748800e+02
   4.7300000e+00   5.7144170e+01   1.3746720e+02
   4.7350000e+00   5.7130940e+01   1.3743960e+02
   4.7400000e+00   5.7114380e+01   1.3740510e+02
   4.7450000e+00   5.7094460e+01   1.3736370e+02
   4.7500000e+00   5.7071140e+01   1.3731540e+02
   4.7550000e+00   5.7044390e+01   1.3726030e+02
   4.7600000e+00   5.7014150e+01   1.3719840e+02
   4.7650000e+00   5.6980370e+01   1.3712960e+02
   4.7700000e+00   5.6943000e+01   1.3705400e+02
   4.7750000e+00   5.6901980e+01   1.3697150e+02
   4.7800000e+00   5.6857220e+01   1.3688220e+02
   4.7850000e+00   5.6808670e+01   1.3678610e+02
   4.7900000e+00   5.6756240e+01   1.3668320e+02
   4.7950000e+00   5.6699850e+01   1.3657360e+02
   4.8000000e+00   5.6639410e+01   1.3645710e+02
   4.8050000e+00   5.6574820e+01   1.3633380e+02
   4.8100000e+00   5.6505990e+01   1.3620380e+02
   4.8150000e+00   5.6432820e+01   1.3606710e+02
   4.8200000e+00   5.6355190e+01   1.3592360e+02
   4.8250000e+00   5.6272990e+01   1.3577340e+02
   4.8300000e+00   5.6186120e+01   1.3561650e+02
   4.8350000e+00   5.6094440e+01   1.3545300e+02
   4.8400000e+00   5.5997830e+01   1.3528270e+02
   4.8450000e+00   5.5896180e+01   1.3510580e+02
   4.8500000e+00   5.5789340e+01   1.3492230e+02
   4.8550000e+00   5.5677180e+01   1.3473210e+02
   4.8600000e+00   5.5559580e+01   1.3453540e+02
   4.8650000e+00   5.5436380e+01   1.3433200e+02
   4.8700000e+00   5.5307440e+01   1.3412210e+02
   4.8750000e+00   5.5172630e+01   1.3390570e+02
   4.8800000e+00   5.5031790e+01   1.3368280e+02
   4.8850000e+00   5.4884780e+01   1.3345340e+02
   4.8900000e+00   5.4731450e+01   1.3321750e+02
   4.8950000e+00   5.4571650e+01   1.3297510e+02
   4.9000000e+00   5.4405220e+01   1.3272630e+02
   4.9050000e+00   5.4232020e+01   1.3247120e+02
   4.9100000e+00   5.4051890e+01   1.3220960e+02
   4.9150000e+00   5.3864680e+01   1.3194170e+02
   4.9200000e+00   5.3670240e+01   1.3166750e+02
   4.9250000e+00   5.3468420e+01   1.3138700e+02
   4.9300000e+00   5.3259070e+01   1.3110030e+02
   4.9350000e+00   5.3042030e+01   1.3080730e+02
   4.9400000e+00   5.2817170e+01   1.3050810e+02
   4.9450000e+00   5.2584330e+01   1.3020270e+02
   4.9500000e+00   5.2343370e+01   1.2989120e+02
   4.9550000e+00   5.2094160e+01   1.2957360e+02
   4.9600000e+00   5.1836560e+01   1.2924990e+02
   4.9650000e+00   5.1570420e+01   1.2892010e+02
   4.9700000e+00   5.1295630e+01   1.2858430e+02
   4.9750000e+00   5.1012050e+01   1.2824260e+02
   4.9800000e+00   5.0719570e+01   1.2789490e+02
   4.9850000e+00   5.0418070e+01   1.2754120e+02
   4.9900000e+00   5.0107440e+01   1.2718170e+02
   4.9950000e+00   4.9787560e+01   1.2681640e+02
   5.0000000e+00   4.9458350e+01   1.2644520e+02
   5.0050000e+00   4.9119710e+01   1.2606830e+02
   5.0100000e+00   4.8771550e+01   1.2568570e+02
   5.0150000e+00   4.8413790e+01   1.2529730e+02
   5.0200000e+00   4.8046360e+01   1.2490330e+02
   5.0250000e+00   4.7669200e+01   1.2450370e+02
   5.0300000e+00   4.7282250e+01   1.2409850e+02
   5.0350000e+00   4.6885450e+01   1.2368780e+02
   5.0400000e+00   4.6478780e+01   1.2327160e+02
   5.0450000e+00   4.6062200e+01   1.2284990e+02
   5.0500000e+00   4.5635690e+01   1.2242290e+02
   5.0550000e+00   4.5199240e+01   1.2199040e+02
   5.0600000e+00   4.4752850e+01   1.2155260e+02
   5.0650000e+00   4.4296520e+01   1.2110960e+02
   5.0700000e+00   4.3830280e+01   1.2066130e+02
   5.0750000e+00   4.3354160e+01   1.2020780e+02
   5.0800000e+00   4.2868190e+01   1.1974920e+02
   5.0850000e+00   4.2372440e+01   1.1928550e+02
   5.0900000e+00   4.1866950e+01   1.1881670e+02
   5.0950000e+00   4.1351820e+01   1.1834300e+02
   5.1000000e+00   4.0827120e+01   1.1786420e+02
   5.1050000e+00   4.0292960e+01   1.1738060e+02
   5.1100000e+00   3.9749440e+01   1.1689210e+02
   5.1150000e+00   3.9196700e+01   1.1639870e+02
   5.1200000e+00   3.8634860e+01   1.1590070e+02
   5.1250000e+00   3.8064080e+01   1.1539790e+02
   5.1300000e+00   3.7484520e+01   1.1489040e+02
   5.1350000e+00   3.6896350e+01   1.1437830e+02
   5.1400000e+00   3.6299750e+01   1.1386170e+02
   5.1450000e+00   3.5694940e+01   1.1334050e+02
   5.1500000e+00   3.5082110e+01   1.1281490e+02
   5.1550000e+00   3.4461500e+01   1.1228490e+02
   5.1600000e+00   3.3833350e+01   1.1175050e+02
   5.1650000e+00   3.3197890e+01   1.1121190e+02
   5.1700000e+00   3.2555400e+01   1.1066890e+02
   5.1750000e+00   3.1906160e+01   1.1012180e+02
   5.1800000e+00   3.1250450e+01   1.0957060e+02
   5.1850000e+00   3.0588560e+01   1.0901530e+02
   5.1900000e+00   2.9920820e+01   1.0845590e+02
   5.1950000e+00   2.9247550e+01   1.0789260e+02
   5.2000000e+00   2.8569070e+01   1.0732540e+02
   5.2050000e+00   2.7885750e+01   1.0675430e+02
   5.2100000e+00   2.7197940e+01   1.0617940e+02
   5.2150000e+00   2.6506000e+01   1.0560080e+02
   5.2200000e+00   2.5810310e+01   1.0501840e+02
   5.2250000e+00   2.5111280e+01   1.0443250e+02
   5.2300000e+00   2.4409280e+01   1.0384300e+02
   5.2350000e+00   2.3704740e+01   1.0325000e+02
   5.2400000e+00   2.2998070e+01   1.0265350e+02
   5.2450000e+00   2.2289700e+01   1.0205360e+02
   5.2500000e+00   2.1580050e+01   1.0145040e+02
   5.2550000e+00   2.0869580e+01   1.0084400e+02
   5.2600000e+00   2.0158730e+01   1.0023430e+02
   5.2650000e+00   1.9447950e+01   9.9621500e+01
   5.2700000e+00   1.8737700e+01   9.9005600e+01
   5.2750000e+00   1.8028460e+01   9.8386670e+01
   5.2800000e+00   1.7320680e+01   9.7764780e+01
   5.2850000e+00   1.6614840e+01   9.7139990e+01
   5.2900000e+00   1.5911420e+01   9.6512360e+01
   5.2950000e+00   1.5210890e+01   9.5881960e+01
   5.3000000e+00   1.4513730e+01   9.5248840e+01
   5.3050000e+00   1.3820430e+01   9.4613070e+01
   5.3100000e+00   1.3131450e+01   9.3974720e+01
   5.3150000e+00   1.2447290e+01   9.3333840e+01
   5.3200000e+00   1.1768410e+01   9.2690510e+01
   5.3250000e+00   1.1095280e+01   9.2044780e+01
   5.3300000e+00   1.0428380e+01   9.1396720e+01
   5.3350000e+00   9.7681610e+00   9.0746400e+01
   5.3400000e+00   9.1150870e+00   9.0093890e+01
   5.3450000e+00   8.4696020e+00   8.9439230e+01
   5.3500000e+00   7.8321490e+00   8.8782510e+01
   5.3550000e+00   7.2031580e+00   8.8123790e+01
   5.3600000e+00   6.5830470e+00   8.7463130e+01
   5.3650000e+00   5.9722260e+00   8.6800590e+01
   5.3700000e+00   5.3710890e+00   8.6136260e+01
   5.3750000e+00   4.7800170e+00   8.5470180e+01
   5.3800000e+00   4.1993730e+00   8.4802440e+01
   5.3850000e+00   3.6295070e+00   8.4133090e+01
   5.3900000e+00   3.0707480e+00   8.3462200e+01
   5.3950000e+00   2.5234070e+00   8.2789840e+01
   5.4000000e+00   1.9877740e+00   8.2116080e+01
   5.4050000e+00   1.4641170e+00   8.1440980e+01
   5.4100000e+00   9.5268150e-01   8.0764610e+01
   5.4150000e+00   4.5368870e-01   8.0087040e+01
   5.4200000e+00  -3.2665980e-02   7.9408340e+01
   5.4250000e+00  -5.0621360e-01   7.8728570e+01
   5.4300000e+00  -9.6681330e-01   7.8047810e+01
   5.4350000e+00  -1.4143530e+00   7.7366110e+01
   5.4400000e+00  -1.8487500e+00   7.6683560e+01
   5.4450000e+00  -2.2699550e+00   7.6000210e+01
   5.4500000e+00  -2.6779480e+00   7.5316140e+01
   5.4550000e+00  -3.0727450e+00   7.4631410e+01
   5.4600000e+00  -3.4543920e+00   7.3946100e+01
   5.4650000e+00  -3.8229750e+00   7.3260260e+01
   5.4700000e+00  -4.1786110e+00   7.2573980e+01
   5.4750000e+00  -4.5214560e+00   7.1887310e+01
   5.4800000e+00  -4.8517020e+00   7.1200330e+01
   5.4850000e+00  -5.1695780e+00   7.0513100e+01
   5.4900000e+00  -5.4753510e+00   6.9825700e+01
   5.4950000e+00  -5.7693260e+00   6.9138190e+01
   5.5000000e+00  -6.0518460e+00   6.8450650e+01
   5.5050000e+00  -6.3232910e+00   6.7763130e+01
   5.5100000e+00  -6.5840820e+00   6.7075710e+01
   5.5150000e+00  -6.8346740e+00   6.6388470e+01
   5.5200000e+00  -7.0755630e+00   6.5701450e+01
   5.5250000e+00  -7.3072780e+00   6.5014750e+01
   5.5300000e+00  -7.5303870e+00   6.4328410e+01
   5.5350000e+00  -7.7454920e+00   6.3642520e+01
   5.5400000e+00  -7.9532300e+00   6.2957140e+01
   5.5450000e+00  -8.1542690e+00   6.2272350e+01
   5.5500000e+00  -8.3493110e+00   6.1588190e+01
   5.5550000e+00  -8.5390870e+00   6.0904760e+01
   5.5600000e+00  -8.7243560e+00   6.0222110e+01
   5.5650000e+00  -8.9059040e+00   5.9540310e+01
   5.5700000e+00  -9.0845410e+00   5.8859440e+01
   5.5750000e+00  -9.2611000e+00   5.8179560e+01
   5.5800000e+00  -9.4364330e+00   5.7500730e+01
   5.5850000e+00  -9.6114100e+00   5.6823030e+01
   5.5900000e+00  -9.7869160e+00   5.6146520e+01
   5.5950000e+00  -9.9638450e+00   5.5471270e+01
   5.6000000e+00  -1.0143100e+01   5.4797350e+01
   5.6050000e+00  -1.0325600e+01   5.4124830e+01
   5.6100000e+00  -1.0512250e+01   5.3453760e+01
   5.6150000e+00  -1.0703960e+01   5.2784230e+01
   5.6200000e+00  -1.0901640e+01   5.2116300e+01
   5.6250000e+00  -1.1106190e+01   5.1450030e+01
   5.6300000e+00  -1.1318500e+01   5.0785490e+01
   5.6350000e+00  -1.1539450e+01   5.0122750e+01
   5.6400000e+00  -1.1769880e+01   4.9461870e+01
   5.6450000e+00  -1.2010630e+01   4.8802920e+01
   5.6500000e+00  -1.2262500e+01   4.8145960e+01
   5.6550000e+00  -1.2526280e+01   4.7491070e+01
   5.6600000e+00  -1.2802710e+01   4.6838300e+01
   5.6650000e+00  -1.3092490e+01   4.6187730e+01
   5.6700000e+00  -1.3396300e+01   4.5539410e+01
   5.6750000e+00  -1.3714760e+01   4.4893410e+01
   5.6800000e+00  -1.4048460e+01   4.4249800e+01
   5.6850000e+00  -1.4397910e+01   4.3608640e+01
   5.6900000e+00  -1.4763610e+01   4.2969990e+01
   5.6950000e+00  -1.5145980e+01   4.2333920e+01
   5.7000000e+00  -1.5545390e+01   4.1700500e+01
   5.7050000e+00  -1.5962160e+01   4.1069780e+01
   5.7100000e+00  -1.6396520e+01   4.0441820e+01
   5.7150000e+00  -1.6848680e+01   3.9816700e+01
   5.7200000e+00  -1.7318770e+01   3.9194480e+01
   5.7250000e+00  -1.7806840e+01   3.8575210e+01
   5.7300000e+00  -1.8312890e+01   3.7958950e+01
   5.7350000e+00  -1.8836880e+01   3.7345780e+01
   5.7400000e+00  -1.9378650e+01   3.6735750e+01
   5.7450000e+00  -1.9938030e+01   3.6128920e+01
   5.7500000e+00  -2.0514750e+01   3.5525350e+01
   5.7550000e+00  -2.1108510e+01   3.4925100e+01
   5.7600000e+00  -2.1718900e+01   3.4328240e+01
   5.7650000e+00  -2.2345510e+01   3.3734820e+01
   5.7700000e+00  -2.2987830e+01   3.3144900e+01
   5.7750000e+00  -2.3645310e+01   3.2558550e+01
   5.7800000e+00  -2.4317340e+01   3.1975810e+01
   5.7850000e+00  -2.5003270e+01   3.1396750e+01
   5.7900000e+00  -2.5702390e+01   3.0821430e+01
   5.7950000e+00  -2.6413960e+01   3.0249900e+01
   5.8000000e+00  -2.7137180e+01   2.9682220e+01
   5.8050000e+00  -2.7871240e+01   2.9118450e+01
   5.8100000e+00  -2.8615260e+01   2.8558640e+01
   5.8150000e+00  -2.9368370e+01   2.8002850e+01
   5.8200000e+00  -3.0129640e+01   2.7451130e+01
   5.8250000e+00  -3.0898140e+01   2.6903550e+01
   5.8300000e+00  -3.1672910e+01   2.6360150e+01
   5.8350000e+00  -3.2452980e+01   2.5820990e+01
   5.8400000e+00  -3.3237360e+01   2.5286130e+01
   5.8450000e+00  -3.4025080e+01   2.4755610e+01
   5.8500000e+00  -3.4815140e+01   2.4229490e+01
   5.8550000e+00  -3.5606550e+01   2.3707820e+01
   5.8600000e+00  -3.6398340e+01   2.3190660e+01
   5.8650000e+00  -3.7189520e+01   2.2678060e+01
   5.8700000e+00  -3.7979150e+01   2.2170060e+01
   5.8750000e+00  -3.8766270e+01   2.1666720e+01
   5.8800000e+00  -3.9549970e+01   2.1168090e+01
   5.8850000e+00  -4.0329330e+01   2.0674220e+01
   5.8900000e+00  -4.1103490e+01   2.0185160e+01
   5.8950000e+00  -4.1871580e+01   1.9700950e+01
   5.9000000e+00  -4.2632810e+01   1.9221650e+01
   5.9050000e+00  -4.3386360e+01   1.8747300e+01
   5.9100000e+00  -4.4131500e+01   1.8277950e+01
   5.9150000e+00  -4.4867500e+01   1.7813650e+01
   5.9200000e+00  -4.5593700e+01   1.7354450e+01
   5.9250000e+00  -4.6309430e+01   1.6900380e+01
   5.9300000e+00  -4.7014110e+01   1.6451500e+01
   5.9350000e+00  -4.7707180e+01   1.6007850e+01
   5.9400000e+00  -4.8388110e+01   1.5569470e+01
   5.9450000e+00  -4.9056430e+01   1.5136420e+01
   5.9500000e+00  -4.9711700e+01   1.4708720e+01
   5.9550000e+00  -5.0353530e+01   1.4286430e+01
   5.9600000e+00  -5.0981560e+01   1.3869590e+01
   5.9650000e+00  -5.1595490e+01   1.3458230e+01
   5.9700000e+00  -5.2195040e+01   1.3052410e+01
   5.9750000e+00  -5.2779980e+01   1.2652150e+01
   5.9800000e+00  -5.3350110e+01   1.2257510e+01
   5.9850000e+00  -5.3905290e+01   1.1868510e+01
   5.9900000e+00  -5.4445400e+01   1.1485210e+01
   5.9950000e+00  -5.4970350e+01   1.1107630e+01
   6.0000000e+00  -5.5480090e+01   1.0735810e+01
   6.0050000e+00  -5.5974620e+01   1.0369800e+01
   6.0100000e+00  -5.6453950e+01   1.0009620e+01
   6.0150000e+00  -5.6918120e+01   9.6553230e+00
   6.0200000e+00  -5.7367210e+01   9.3069320e+00
   6.0250000e+00  -5.7801330e+01   8.9644860e+00
   6.0300000e+00  -5.8220600e+01   8.6280200e+00
   6.0350000e+00  -5.8625170e+01   8.2975660e+00
   6.0400000e+00  -5.9015220e+01   7.9731570e+00
   6.0450000e+00  -5.9390930e+01   7.6548270e+00
   6.0500000e+00  -5.9752530e+01   7.3426070e+00
   6.0550000e+00  -6.0100240e+01   7.0365280e+00
   6.0600000e+00  -6.0434310e+01   6.7366210e+00
   6.0650000e+00  -6.0755000e+01   6.4429150e+00
   6.0700000e+00  -6.1062570e+01   6.1554410e+00
   6.0750000e+00  -6.1357310e+01   5.8742260e+00
   6.0800000e+00  -6.1639510e+01   5.5993000e+00
   6.0850000e+00  -6.1909480e+01   5.3306890e+00
   6.0900000e+00  -6.2167510e+01   5.0684200e+00
   6.0950000e+00  -6.2413930e+01   4.8125200e+00
   6.1000000e+00  -6.2649040e+01   4.5630150e+00
   6.1050000e+00  -6.2873170e+01   4.3199280e+00
   6.1100000e+00  -6.3086630e+01   4.0832850e+00
   6.1150000e+00  -6.3289760e+01   3.8531090e+00
   6.1200000e+00  -6.3482860e+01   3.6294230e+00
   6.1250000e+00  -6.3666270e+01   3.4122490e+00
   6.1300000e+00  -6.3840300e+01   3.2016100e+00
   6.1350000e+00  -6.4005250e+01   2.9975260e+00
   6.1400000e+00  -6.4161460e+01   2.8000180e+00
   6.1450000e+00  -6.4309210e+01   2.6091050e+00
   6.1500000e+00  -6.4448820e+01   2.4248070e+00
   6.1550000e+00  -6.4580570e+01   2.2471410e+00
   6.1600000e+00  -6.4704750e+01   2.0761270e+00
   6.1650000e+00  -6.4821650e+01   1.9117800e+00
   6.1700000e+00  -6.4931540e+01   1.7541170e+00
   6.1750000e+00  -6.5034680e+01   1.6031550e+00
   6.1800000e+00  -6.5131330e+01   1.4589070e+00
   6.1850000e+00  -6.5221720e+01   1.3213890e+00
   6.1900000e+00  -6.5306110e+01   1.1906150e+00
   6.1950000e+00  -6.5384720e+01   1.0665970e+00
   6.2000000e+00  -6.5457760e+01   9.4934740e-01
   6.2050000e+00  -6.5525440e+01   8.3887850e-01
   6.2100000e+00  -6.5587960e+01   7.3520110e-01
   6.2150000e+00  -6.5645490e+01   6.3832570e-01
   6.2200000e+00  -6.5698210e+01   5.4826190e-01
   6.2250000e+00  -6.5746290e+01   4.6501870e-01
   6.2300000e+00  -6.5789870e+01   3.8860440e-01
   6.2350000e+00  -6.5829090e+01   3.1902670e-01
   6.2400000e+00  -6.5864070e+01   2.5629250e-01
   6.2450000e+00  -6.5894930e+01   2.0040810e-01
   6.2500000e+00  -6.5921770e+01   1.5137920e-01
   6.2550000e+00  -6.5944680e+01   1.0921050e-01
   6.2600000e+00  -6.5963730e+01   7.3906350e-02
   6.2650000e+00  -6.5979000e+01   4.5470240e-02
   6.2700000e+00  -6.5990530e+01   2.3905030e-02
   6.2750000e+00  -6.5998360e+01   9.2128530e-03
   6.2800000e+00  -6.6002520e+01   1.3951950e-03
   6.2850000e+00  -6.6003020e+01   4.5283460e-04
   6.2900000e+00  -6.5999860e+01   6.3858650e-03
   6.2950000e+00  -6.5993040e+01   1.9193690e-02
   6.3000000e+00  -6.5982530e+01   3.8875040e-02
   6.3050000e+00  -6.5968290e+01   6.5427930e-02
   6.3100000e+00  -6.5950280e+01   9.8849720e-02
   6.3150000e+00  -6.5928440e+01   1.3913710e-01
   6.3200000e+00  -6.5902680e+01   1.8628590e-01
   6.3250000e+00  -6.5872930e+01   2.4029160e-01
   6.3300000e+00  -6.5839090e+01   3.0114870e-01
   6.3350000e+00  -6.5801050e+01   3.6885110e-01
   6.3400000e+00  -6.5758680e+01   4.4339200e-01
   6.3450000e+00  -6.5711850e+01   5.2476410e-01
   6.3500000e+00  -6.5660410e+01   6.1295910e-01
   6.3550000e+00  -6.5604220e+01   7.0796820e-01
   6.3600000e+00  -6.5543090e+01   8.0978200e-01
   6.3650000e+00  -6.5476840e+01   9.1839020e-01
   6.3700000e+00  -6.5405290e+01   1.0337820e+00
   6.3750000e+00  -6.5328230e+01   1.1559460e+00
   6.3800000e+00  -6.5245450e+01   1.2848700e+00
   6.3850000e+00  -6.5156720e+01   1.4205400e+00
   6.3900000e+00  -6.5061810e+01   1.5629450e+00
   6.3950000e+00  -6.4960470e+01   1.7120680e+00
   6.4000000e+00  -6.4852460e+01   1.8678950e+00
   6.4050000e+00  -6.4737510e+01   2.0304110e+00
   6.4100000e+00  -6.4615350e+01   2.1996000e+00
   6.4150000e+00  -6.4485700e+01   2.3754440e+00
   6.4200000e+00  -6.4348280e+01   2.5579260e+00
   6.4250000e+00  -6.4202790e+01   2.7470270e+00
   6.4300000e+00  -6.4048930e+01   2.9427290e+00
   6.4350000e+00  -6.3886400e+01   3.1450130e+00
   6.4400000e+00  -6.3714890e+01   3.3538570e+00
   6.4450000e+00  -6.3534090e+01   3.5692420e+00
   6.4500000e+00  -6.3343680e+01   3.7911450e+00
   6.4550000e+00  -6.3143330e+01   4.0195440e+00
   6.4600000e+00  -6.2932730e+01   4.2544160e+00
   6.4650000e+00  -6.2711560e+01   4.4957390e+00
   6.4700000e+00  -6.2479490e+01   4.7434880e+00
   6.4750000e+00  -6.2236200e+01   4.9976380e+00
   6.4800000e+00  -6.1981390e+01   5.2581630e+00
   6.4850000e+00  -6.1714720e+01   5.5250380e+00
   6.4900000e+00  -6.1435900e+01   5.7982360e+00
   6.4950000e+00  -6.1144630e+01   6.0777290e+00
   6.5000000e+00  -6.0840600e+01   6.3634910e+00
   6.5050000e+00  -6.0523540e+01   6.6554910e+00
   6.5100000e+00  -6.0193170e+01   6.9537010e+00
   6.5150000e+00  -5.9849220e+01   7.2580910e+00
   6.5200000e+00  -5.9491450e+01   7.5686310e+00
   6.5250000e+00  -5.9119630e+01   7.8852900e+00
   6.5300000e+00  -5.8733530e+01   8.2080350e+00
   6.5350000e+00  -5.8332950e+01   8.5368350e+00
   6.5400000e+00  -5.7917730e+01   8.8716570e+00
   6.5450000e+00  -5.7487700e+01   9.2124670e+00
   6.5500000e+00  -5.7042720e+01   9.5592310e+00
   6.5550000e+00  -5.6582690e+01   9.9119150e+00
   6.5600000e+00  -5.6107520e+01   1.0270480e+01
   6.5650000e+00  -5.5617170e+01   1.0634900e+01
   6.5700000e+00  -5.5111590e+01   1.1005130e+01
   6.5750000e+00  -5.4590810e+01   1.1381130e+01
   6.5800000e+00  -5.4054850e+01   1.1762870e+01
   6.5850000e+00  -5.3503790e+01   1.2150310e+01
   6.5900000e+00  -5.2937740e+01   1.2543410e+01
   6.5950000e+00  -5.2356850e+01   1.2942130e+01
   6.6000000e+00  -5.1761280e+01   1.3346440e+01
   6.6050000e+00  -5.1151270e+01   1.3756280e+01
   6.6100000e+00  -5.0527080e+01   1.4171620e+01
   6.6150000e+00  -4.9889000e+01   1.4592420e+01
   6.6200000e+00  -4.9237370e+01   1.5018640e+01
   6.6250000e+00  -4.8572590e+01   1.5450230e+01
   6.6300000e+00  -4.7895070e+01   1.5887150e+01
   6.6350000e+00  -4.7205280e+01   1.6329360e+01
   6.6400000e+00  -4.6503730e+01   1.6776810e+01
   6.6450000e+00  -4.5790960e+01   1.7229460e+01
   6.6500000e+00  -4.5067570e+01   1.7687260e+01
   6.6550000e+00  -4.4334190e+01   1.8150170e+01
   6.6600000e+00  -4.3591490e+01   1.8618140e+01
   6.6650000e+00  -4.2840170e+01   1.9091120e+01
   6.6700000e+00  -4.2080970e+01   1.9569070e+01
   6.6750000e+00  -4.1314680e+01   2.0051940e+01
   6.6800000e+00  -4.0542100e+01   2.0539670e+01
   6.6850000e+00  -3.9764080e+01   2.1032230e+01
   6.6900000e+00  -3.8981480e+01   2.1529560e+01
   6.6950000e+00  -3.8195210e+01   2.2031620e+01
   6.7000000e+00  -3.7406170e+01   2.2538340e+01
   6.7050000e+00  -3.6615320e+01   2.3049690e+01
   6.7100000e+00  -3.5823600e+01   2.3565610e+01
   6.7150000e+00  -3.5031990e+01   2.4086050e+01
   6.7200000e+00  -3.4241460e+01   2.4610950e+01
   6.7250000e+00  -3.3453000e+01   2.5140270e+01
   6.7300000e+00  -3.2667610e+01   2.5673950e+01
   6.7350000e+00  -3.1886260e+01   2.6211930e+01
   6.7400000e+00  -3.1109940e+01   2.6754170e+01
   6.7450000e+00  -3.0339630e+01   2.7300620e+01
   6.7500000e+00  -2.9576280e+01   2.7851200e+01
   6.7550000e+00  -2.8820840e+01   2.8405880e+01
   6.7600000e+00  -2.8074240e+01   2.8964590e+01
   6.7650000e+00  -2.7337360e+01   2.9527280e+01
   6.7700000e+00  -2.6611080e+01   3.0093900e+01
   6.7750000e+00  -2.5896240e+01   3.0664380e+01
   6.7800000e+00  -2.5193630e+01   3.1238670e+01
   6.7850000e+00  -2.4504010e+01   3.1816710e+01
   6.7900000e+00  -2.3828110e+01   3.2398440e+01
   6.7950000e+00  -2.3166580e+01   3.2983810e+01
   6.8000000e+00  -2.2520050e+01   3.3572760e+01
   6.8050000e+00  -2.1889080e+01   3.4165230e+01
   6.8100000e+00  -2.1274190e+01   3.4761150e+01
   6.8150000e+00  -2.0675840e+01   3.5360470e+01
   6.8200000e+00  -2.0094410e+01   3.5963140e+01
   6.8250000e+00  -1.9530250e+01   3.6569080e+01
   6.8300000e+00  -1.8983630e+01   3.7178240e+01
   6.8350000e+00  -1.8454750e+01   3.7790560e+01
   6.8400000e+00  -1.7943770e+01   3.8405970e+01
   6.8450000e+00  -1.7450770e+01   3.9024420e+01
   6.8500000e+00  -1.6975760e+01   3.9645850e+01
   6.8550000e+00  -1.6518690e+01   4.0270180e+01
   6.8600000e+00  -1.6079470e+01   4.0897360e+01
   6.8650000e+00  -1.5657900e+01   4.1527330e+01
   6.8700000e+00  -1.5253760e+01   4.2160020e+01
   6.8750000e+00  -1.4866760e+01   4.2795370e+01
   6.8800000e+00  -1.4496530e+01   4.3433320e+01
   6.8850000e+00  -1.4142660e+01   4.4073790e+01
   6.8900000e+00  -1.3804700e+01   4.4716740e+01
   6.8950000e+00  -1.3482120e+01   4.5362090e+01
   6.9000000e+00  -1.3174350e+01   4.6009780e+01
   6.9050000e+00  -1.2880790e+01   4.6659740e+01
   6.9100000e+00  -1.2600770e+01   4.7311920e+01
   6.9150000e+00  -1.2333590e+01   4.7966230e+01
   6.9200000e+00  -1.2078530e+01   4.8622630e+01
   6.9250000e+00  -1.1834810e+01   4.9281040e+01
   6.9300000e+00  -1.1601630e+01   4.9941400e+01
   6.9350000e+00  -1.1378170e+01   5.0603640e+01
   6.9400000e+00  -1.1163580e+01   5.1267690e+01
   6.9450000e+00  -1.0956990e+01   5.1933490e+01
   6.9500000e+00  -1.0757510e+01   5.2600980e+01
   6.9550000e+00  -1.0564260e+01   5.3270080e+01
   6.9600000e+00  -1.0376310e+01   5.3940720e+01
   6.9650000e+00  -1.0192770e+01   5.4612850e+01
   6.9700000e+00  -1.0012710e+01   5.5286400e+01
   6.9750000e+00  -9.8352360e+00   5.5961290e+01
   6.9800000e+00  -9.6594300e+00   5.6637460e+01
   6.9850000e+00  -9.4843970e+00   5.7314840e+01
   6.9900000e+00  -9.3092480e+00   5.7993360e+01
   6.9950000e+00  -9.1331110e+00   5.8672970e+01
   7.0000000e+00  -8.9551270e+00   5.9353580e+01
   7.0050000e+00  -8.7744590e+00   6.0035130e+01
   7.0100000e+00  -8.5902890e+00   6.0717550e+01
   7.0150000e+00  -8.4018250e+00   6.1400770e+01
   7.0200000e+00  -8.2083010e+00   6.2084740e+01
   7.0250000e+00  -8.0089770e+00   6.2769360e+01
   7.0300000e+00  -7.8031430e+00   6.3454590e+01
   7.0350000e+00  -7.5901230e+00   6.4140350e+01
   7.0400000e+00  -7.3692690e+00   6.4826570e+01
   7.0450000e+00  -7.1399710e+00   6.5513180e+01
   7.0500000e+00  -6.9016510e+00   6.6200110e+01
   7.0550000e+00  -6.6537700e+00   6.6887300e+01
   7.0600000e+00  -6.3958210e+00   6.7574680e+01
   7.0650000e+00  -6.1273400e+00   6.8262180e+01
   7.0700000e+00  -5.8478950e+00   6.8949720e+01
   7.0750000e+00  -5.5570960e+00   6.9637250e+01
   7.0800000e+00  -5.2545890e+00   7.0324680e+01
   7.0850000e+00  -4.9400590e+00   7.1011960e+01
   7.0900000e+00  -4.6132290e+00   7.1699020e+01
   7.0950000e+00  -4.2738580e+00   7.2385780e+01
   7.1000000e+00  -3.9217450e+00   7.3072180e+01
   7.1050000e+00  -3.5567250e+00   7.3758140e+01
   7.1100000e+00  -3.1786680e+00   7.4443610e+01
   7.1150000e+00  -2.7874830e+00   7.5128500e+01
   7.1200000e+00  -2.3831100e+00   7.5812760e+01
   7.1250000e+00  -1.9655260e+00   7.6496310e+01
   7.1300000e+00  -1.5347410e+00   7.7179090e+01
   7.1350000e+00  -1.0907970e+00   7.7861030e+01
   7.1400000e+00  -6.3376800e-01   7.8542060e+01
   7.1450000e+00  -1.6375690e-01   7.9222100e+01
   7.1500000e+00   3.1910280e-01   7.9901100e+01
   7.1550000e+00   8.1464950e-01   8.0578990e+01
   7.1600000e+00   1.3226950e+00   8.1255690e+01
   7.1650000e+00   1.8430250e+00   8.1931150e+01
   7.1700000e+00   2.3754010e+00   8.2605280e+01
   7.1750000e+00   2.9195610e+00   8.3278030e+01
   7.1800000e+00   3.4752200e+00   8.3949330e+01
   7.1850000e+00   4.0420730e+00   8.4619110e+01
   7.1900000e+00   4.6197960e+00   8.5287300e+01
   7.1950000e+00   5.2080460e+00   8.5953840e+01
   7.2000000e+00   5.8064610e+00   8.6618660e+01
   7.2050000e+00   6.4146660e+00   8.7281690e+01
   7.2100000e+00   7.0322700e+00   8.7942870e+01
   7.2150000e+00   7.6588680e+00   8.8602140e+01
   7.2200000e+00   8.2940450e+00   8.9259410e+01
   7.2250000e+00   8.9373710e+00   8.9914640e+01
   7.2300000e+00   9.5884090e+00   9.0567750e+01
   7.2350000e+00   1.0246710e+01   9.1218680e+01
   7.2400000e+00   1.0911830e+01   9.1867360e+01
   7.2450000e+00   1.1583300e+01   9.2513730e+01
   7.2500000e+00   1.2260650e+01   9.3157730e+01
   7.2550000e+00   1.2943410e+01   9.3799290e+01
   7.2600000e+00   1.3631110e+01   9.4438340e+01
   7.2650000e+00   1.4323280e+01   9.5074820e+01
   7.2700000e+00   1.5019430e+01   9.5708670e+01
   7.2750000e+00   1.5719080e+01   9.6339830e+01
   7.2800000e+00   1.6421750e+01   9.6968220e+01
   7.2850000e+00   1.7126980e+01   9.7593800e+01
   7.2900000e+00   1.7834270e+01   9.8216490e+01
   7.2950000e+00   1.8543160e+01   9.8836240e+01
   7.3000000e+00   1.9253180e+01   9.9452980e+01
   7.3050000e+00   1.9963860e+01   1.0006660e+02
   7.3100000e+00   2.0674740e+01   1.0067720e+02
   7.3150000e+00   2.1385360e+01   1.0128450e+02
   7.3200000e+00   2.2095280e+01   1.0188860e+02
   7.3250000e+00   2.2804040e+01   1.0248940e+02
   7.3300000e+00   2.3511220e+01   1.0308680e+02
   7.3350000e+00   2.4216390e+01   1.0368080e+02
   7.3400000e+00   2.4919120e+01   1.0427130e+02
   7.3450000e+00   2.5619010e+01   1.0485820e+02
   7.3500000e+00   2.6315650e+01   1.0544150e+02
   7.3550000e+00   2.7008650e+01   1.0602110e+02
   7.3600000e+00   2.7697640e+01   1.0659710e+02
   7.3650000e+00   2.8382230e+01   1.0716920e+02
   7.3700000e+00   2.9062060e+01   1.0773750e+02
   7.3750000e+00   2.9736800e+01   1.0830190e+02
   7.3800000e+00   3.0406090e+01   1.0886230e+02
   7.3850000e+00   3.1069610e+01   1.0941880e+02
   7.3900000e+00   3.1727050e+01   1.0997110e+02
   7.3950000e+00   3.2378090e+01   1.1051940e+02
   7.4000000e+00   3.3022460e+01   1.1106350e+02
   7.4050000e+00   3.3659870e+01   1.1160330e+02
   7.4100000e+00   3.4290050e+01   1.1213880e+02
   7.4150000e+00   3.4912750e+01   1.1267010e+02
   7.4200000e+00   3.5527740e+01   1.1319690e+02
   7.4250000e+00   3.6134770e+01   1.1371930e+02
   7.4300000e+00   3.6733640e+01   1.1423710e+02
   7.4350000e+00   3.7324140e+01   1.1475050e+02
   7.4400000e+00   3.7906080e+01   1.1525920e+02
   7.4450000e+00   3.8479280e+01   1.1576330e+02
   7.4500000e+00   3.9043590e+01   1.1626270e+02
   7.4550000e+00   3.9598840e+01   1.1675730e+02
   7.4600000e+00   4.0144890e+01   1.1724710e+02
   7.4650000e+00   4.0681630e+01   1.1773210e+02
   7.4700000e+00   4.1208930e+01   1.1821220e+02
   7.4750000e+00   4.1726700e+01   1.1868740e+02
   7.4800000e+00   4.2234840e+01   1.1915750e+02
   7.4850000e+00   4.2733270e+01   1.1962260e+02
   7.4900000e+00   4.3221920e+01   1.2008260e+02
   7.4950000e+00   4.3700750e+01   1.2053750e+02
   7.5000000e+00   4.4169700e+01   1.2098720e+02
   7.5050000e+00   4.4628750e+01   1.2143170e+02
   7.5100000e+00   4.5077860e+01   1.2187090e+02
   7.5150000e+00   4.5517040e+01   1.2230480e+02
   7.5200000e+00   4.5946270e+01   1.2273340e+02
   7.5250000e+00   4.6365570e+01   1.2315650e+02
   7.5300000e+00   4.6774960e+01   1.2357430e+02
   7.5350000e+00   4.7174460e+01   1.2398650e+02
   7.5400000e+00   4.7564100e+01   1.2439320e+02
   7.5450000e+00   4.7943940e+01   1.2479430e+02
   7.5500000e+00   4.8314040e+01   1.2518990e+02
   7.5550000e+00   4.8674440e+01   1.2557980e+02
   7.5600000e+00   4.9025220e+01   1.2596400e+02
   7.5650000e+00   4.9366470e+01   1.2634250e+02
   7.5700000e+00   4.9698250e+01   1.2671520e+02
   7.5750000e+00   5.0020680e+01   1.2708220e+02
   7.5800000e+00   5.0333830e+01   1.2744330e+02
   7.5850000e+00   5.0637830e+01   1.2779850e+02
   7.5900000e+00   5.0932770e+01   1.2814780e+02
   7.5950000e+00   5.1218770e+01   1.2849120e+02
   7.6000000e+00   5.1495960e+01   1.2882870e+02
   7.6050000e+00   5.1764460e+01   1.2916010e+02
   7.6100000e+00   5.2024390e+01   1.2948550e+02
   7.6150000e+00   5.2275890e+01   1.2980480e+02
   7.6200000e+00   5.2519090e+01   1.3011790e+02
   7.6250000e+00   5.2754140e+01   1.3042500e+02
   7.6300000e+00   5.2981180e+01   1.3072590e+02
   7.6350000e+00   5.3200340e+01   1.3102060e+02
   7.6400000e+00   5.3411790e+01   1.3130910e+02
   7.6450000e+00   5.3615660e+01   1.3159130e+02
   7.6500000e+00   5.3812110e+01   1.3186720e+02
   7.6550000e+00   5.4001280e+01   1.3213680e+02
   7.6600000e+00   5.4183340e+01   1.3240010e+02
   7.6650000e+00   5.4358420e+01   1.3265700e+02
   7.6700000e+00   5.4526690e+01   1.3290750e+02
   7.6750000e+00   5.4688290e+01   1.3315170e+02
   7.6800000e+00   5.4843380e+01   1.3338930e+02
   7.6850000e+00   5.4992110e+01   1.3362050e+02
   7.6900000e+00   5.5134630e+01   1.3384530e+02
   7.6950000e+00   5.5271080e+01   1.3406350e+02
   7.7000000e+00   5.5401610e+01   1.3427520e+02
   7.7050000e+00   5.5526370e+01   1.3448030e+02
   7.7100000e+00   5.5645490e+01   1.3467880e+02
   7.7150000e+00   5.5759130e+01   1.3487080e+02
   7.7200000e+00   5.5867410e+01   1.3505620e+02
   7.7250000e+00   5.5970480e+01   1.3523490e+02
   7.7300000e+00   5.6068450e+01   1.3540700e+02
   7.7350000e+00   5.6161470e+01   1.3557240e+02
   7.7400000e+00   5.6249650e+01   1.3573110e+02
   7.7450000e+00   5.6333120e+01   1.3588310e+02
   7.7500000e+00   5.6411990e+01   1.3602840e+02
   7.7550000e+00   5.6486370e+01   1.3616700e+02
   7.7600000e+00   5.6556380e+01   1.3629890e+02
   7.7650000e+00   5.6622120e+01   1.3642400e+02
   7.7700000e+00   5.6683690e+01   1.3654230e+02
   7.7750000e+00   5.6741180e+01   1.3665390e+02
   7.7800000e+00   5.6794690e+01   1.3675860e+02
   7.7850000e+00   5.6844300e+01   1.3685660e+02
   7.7900000e+00   5.6890080e+01   1.3694770e+02
   7.7950000e+00   5.6932120e+01   1.3703210e+02
   7.8000000e+00   5.6970490e+01   1.3710960e+02
   7.8050000e+00   5.7005240e+01   1.3718020e+02
   7.8100000e+00   5.7036450e+01   1.3724400e+02
   7.8150000e+00   5.7064150e+01   1.3730100e+02
   7.8200000e+00   5.7088410e+01   1.3735110e+02
   7.8250000e+00   5.7109260e+01   1.3739440e+02
   7.8300000e+00   5.7126740e+01   1.3743080e+02
   7.8350000e+00   5.7140870e+01   1.3746030e+02
   7.8400000e+00   5.7151700e+01   1.3748300e+02
   7.8450000e+00   5.7159220e+01   1.3749880e+02
   7.8500000e+00   5.7163470e+01   1.3750770e+02
   7.8550000e+00   5.7164440e+01   1.3750970e+02
   7.8600000e+00   5.7162130e+01   1.3750490e+02
   7.8650000e+00   5.7156550e+01   1.3749320e+02
   7.8700000e+00   5.7147690e+01   1.3747460e+02
   7.8750000e+00   5.7135520e+01   1.3744910e+02
   7.8800000e+00   5.7120020e+01   1.3741680e+02
   7.8850000e+00   5.7101170e+01   1.3737760e+02
   7.8900000e+00   5.7078940e+01   1.3733160e+02
   7.8950000e+00   5.7053290e+01   1.3727860e+02
   7.9000000e+00   5.7024160e+01   1.3721890e+02
   7.9050000e+00   5.6991520e+01   1.3715230e+02
   7.9100000e+00   5.6955300e+01   1.3707880e+02
   7.9150000e+00   5.6915440e+01   1.3699850e+02
   7.9200000e+00   5.6871890e+01   1.3691140e+02
   7.9250000e+00   5.6824550e+01   1.3681750e+02
   7.9300000e+00   5.6773370e+01   1.3671680e+02
   7.9350000e+00   5.6718250e+01   1.3660920e+02
   7.9400000e+00   5.6659110e+01   1.3649490e+02
   7.9450000e+00   5.6595850e+01   1.3637380e+02
   7.9500000e+00   5.6528380e+01   1.3624600e+02
   7.9550000e+00   5.6456600e+01   1.3611140e+02
   7.9600000e+00   5.6380410e+01   1.3597010e+02
   7.9650000e+00   5.6299680e+01   1.3582200e+02
   7.9700000e+00   5.6214300e+01   1.3566720e+02
   7.9750000e+00   5.6124170e+01   1.3550580e+02
   7.9800000e+00   5.6029150e+01   1.3533770e+02
   7.9850000e+00   5.5929110e+01   1.3516290e+02
   7.9900000e+00   5.5823940e+01   1.3498150e+02
   7.9950000e+00   5.5713490e+01   1.3479340e+02
   8.0000000e+00   5.5597640e+01   1.3459880e+02
   8.0050000e+00   5.5476230e+01   1.3439750e+02
   8.0100000e+00   5.5349140e+01   1.3418970e+02
   8.0150000e+00   5.5216220e+01   1.3397540e+02
   8.0200000e+00   5.5077310e+01   1.3375450e+02
   8.0250000e+00   5.4932290e+01   1.3352710e+02
   8.0300000e+00   5.4780980e+01   1.3329330e+02
   8.0350000e+00   5.4623260e+01   1.3305300e+02
   8.0400000e+00   5.4458960e+01   1.3280630e+02
   8.0450000e+00   5.4287930e+01   1.3255310e+02
   8.0500000e+00   5.4110030e+01   1.3229360e+02
   8.0550000e+00   5.3925090e+01   1.3202780e+02
   8.0600000e+00   5.3732970e+01   1.3175560e+02
   8.0650000e+00   5.3533520e+01   1.3147710e+02
   8.0700000e+00   5.3326580e+01   1.3119230e+02
   8.0750000e+00   5.3112010e+01   1.3090130e+02
   8.0800000e+00   5.2889650e+01   1.3060410e+02
   8.0850000e+00   5.2659370e+01   1.3030070e+02
   8.0900000e+00   5.2421020e+01   1.2999110e+02
   8.0950000e+00   5.2174450e+01   1.2967540e+02
   8.1000000e+00   5.1919530e+01   1.2935360e+02
   8.1050000e+00   5.1656130e+01   1.2902580e+02
   8.1100000e+00   5.1384110e+01   1.2869190e+02
   8.1150000e+00   5.1103340e+01   1.2835210e+02
   8.1200000e+00   5.0813710e+01   1.2800630e+02
   8.1250000e+00   5.0515100e+01   1.2765450e+02
   8.1300000e+00   5.0207380e+01   1.2729690e+02
   8.1350000e+00   4.9890460e+01   1.2693340e+02
   8.1400000e+00   4.9564240e+01   1.2656410e+02
   8.1450000e+00   4.9228610e+01   1.2618900e+02
   8.1500000e+00   4.8883490e+01   1.2580820e+02
   8.1550000e+00   4.8528790e+01   1.2542160e+02
   8.1600000e+00   4.8164450e+01   1.2502940e+02
   8.1650000e+00   4.7790400e+01   1.2463160e+02
   8.1700000e+00   4.7406570e+01   1.2422820e+02
   8.1750000e+00   4.7012910e+01   1.2381920e+02
   8.1800000e+00   4.6609390e+01   1.2340480e+02
   8.1850000e+00   4.6195970e+01   1.2298480e+02
   8.1900000e+00   4.5772630e+01   1.2255950e+02
   8.1950000e+00   4.5339340e+01   1.2212870e+02
   8.2000000e+00   4.4896120e+01   1.2169270e+02
   8.2050000e+00   4.4442950e+01   1.2125130e+02
   8.2100000e+00   4.3979870e+01   1.2080470e+02
   8.2150000e+00   4.3506890e+01   1.2035280e+02
   8.2200000e+00   4.3024050e+01   1.1989590e+02
   8.2250000e+00   4.2531410e+01   1.1943380e+02
   8.2300000e+00   4.2029020e+01   1.1896660e+02
   8.2350000e+00   4.1516950e+01   1.1849440e+02
   8.2400000e+00   4.0995290e+01   1.1801730e+02
   8.2450000e+00   4.0464130e+01   1.1753520e+02
   8.2500000e+00   3.9923580e+01   1.1704820e+02
   8.2550000e+00   3.9373760e+01   1.1655640e+02
   8.2600000e+00   3.8814800e+01   1.1605980e+02
   8.2650000e+00   3.8246860e+01   1.1555850e+02
   8.2700000e+00   3.7670070e+01   1.1505250e+02
   8.2750000e+00   3.7084620e+01   1.1454190e+02
   8.2800000e+00   3.6490690e+01   1.1402670e+02
   8.2850000e+00   3.5888470e+01   1.1350700e+02
   8.2900000e+00   3.5278170e+01   1.1298280e+02
   8.2950000e+00   3.4660020e+01   1.1245420e+02
   8.3000000e+00   3.4034240e+01   1.1192120e+02
   8.3050000e+00   3.3401080e+01   1.1138390e+02
   8.3100000e+00   3.2760800e+01   1.1084230e+02
   8.3150000e+00   3.2113680e+01   1.1029660e+02
   8.3200000e+00   3.1460000e+01   1.0974660e+02
   8.3250000e+00   3.0800040e+01   1.0919260e+02
   8.3300000e+00   3.0134130e+01   1.0863450e+02
   8.3350000e+00   2.9462590e+01   1.0807250e+02
   8.3400000e+00   2.8785730e+01   1.0750650e+02
   8.3450000e+00   2.8103920e+01   1.0693660e+02
   8.3500000e+00   2.7417490e+01   1.0636290e+02
   8.3550000e+00   2.6726830e+01   1.0578550e+02
   8.3600000e+00   2.6032290e+01   1.0520430e+02
   8.3650000e+00   2.5334280e+01   1.0461950e+02
   8.3700000e+00   2.4633180e+01   1.0403110e+02
   8.3750000e+00   2.3929410e+01   1.0343920e+02
   8.3800000e+00   2.3223370e+01   1.0284390e+02
   8.3850000e+00   2.2515490e+01   1.0224510e+02
   8.3900000e+00   2.1806210e+01   1.0164290e+02
   8.3950000e+00   2.1095950e+01   1.0103750e+02
   8.4000000e+00   2.0385170e+01   1.0042890e+02
   8.4050000e+00   1.9674320e+01   9.9817040e+01
   8.4100000e+00   1.8963850e+01   9.9202120e+01
   8.4150000e+00   1.8254240e+01   9.8584150e+01
   8.4200000e+00   1.7545940e+01   9.7963190e+01
   8.4250000e+00   1.6839430e+01   9.7339320e+01
   8.4300000e+00   1.6135190e+01   9.6712590e+01
   8.4350000e+00   1.5433680e+01   9.6083060e+01
   8.4400000e+00   1.4735400e+01   9.5450800e+01
   8.4450000e+00   1.4040820e+01   9.4815870e+01
   8.4500000e+00   1.3350410e+01   9.4178330e+01
   8.4550000e+00   1.2664670e+01   9.3538250e+01
   8.4600000e+00   1.1984050e+01   9.2895690e+01
   8.4650000e+00   1.1309040e+01   9.2250720e+01
   8.4700000e+00   1.0640100e+01   9.1603400e+01
   8.4750000e+00   9.9777070e+00   9.0953790e+01
   8.4800000e+00   9.3223080e+00   9.0301970e+01
   8.4850000e+00   8.6743580e+00   8.9647990e+01
   8.4900000e+00   8.0343000e+00   8.8991920e+01
   8.4950000e+00   7.4025670e+00   8.8333820e+01
   8.5000000e+00   6.7795820e+00   8.7673770e+01
   8.5050000e+00   6.1657590e+00   8.7011830e+01
   8.5100000e+00   5.5614950e+00   8.6348060e+01
   8.5150000e+00   4.9671770e+00   8.5682530e+01
   8.5200000e+00   4.3831730e+00   8.5015310e+01
   8.5250000e+00   3.8098370e+00   8.4346470e+01
   8.5300000e+00   3.2475050e+00   8.3676060e+01
   8.5350000e+00   2.6964950e+00   8.3004160e+01
   8.5400000e+00   2.1571020e+00   8.2330840e+01
   8.5450000e+00   1.6296020e+00   8.1656160e+01
   8.5500000e+00   1.1142490e+00   8.0980190e+01
   8.5550000e+00   6.1127030e-01   8.0302990e+01
   8.5600000e+00   1.2087040e-01   7.9624650e+01
   8.5650000e+00  -3.5677330e-01   7.8945210e+01
   8.5700000e+00  -8.2151090e-01   7.8264760e+01
   8.5750000e+00  -1.2732210e+00   7.7583350e+01
   8.5800000e+00  -1.7118120e+00   7.6901060e+01
   8.5850000e+00  -2.1372220e+00   7.6217960e+01
   8.5900000e+00  -2.5494240e+00   7.5534110e+01
   8.5950000e+00  -2.9484200e+00   7.4849590e+01
   8.6000000e+00  -3.3342490e+00   7.4164450e+01
   8.6050000e+00  -3.7069820e+00   7.3478770e+01
   8.6100000e+00  -4.0667270e+00   7.2792620e+01
   8.6150000e+00  -4.4136270e+00   7.2106070e+01
   8.6200000e+00  -4.7478630e+00   7.1419180e+01
   8.6250000e+00  -5.0696520e+00   7.0732030e+01
   8.6300000e+00  -5.3792490e+00   7.0044670e+01
   8.6350000e+00  -5.6769460e+00   6.9357190e+01
   8.6400000e+00  -5.9630750e+00   6.8669650e+01
   8.6450000e+00  -6.2380050e+00   6.7982120e+01
   8.6500000e+00  -6.5021420e+00   6.7294660e+01
   8.6550000e+00  -6.7559310e+00   6.6607350e+01
   8.6600000e+00  -6.9998540e+00   6.5920260e+01
   8.6650000e+00  -7.2344320e+00   6.5233450e+01
   8.6700000e+00  -7.4602180e+00   6.4546990e+01
   8.6750000e+00  -7.6778060e+00   6.3860950e+01
   8.6800000e+00  -7.8878190e+00   6.3175400e+01
   8.6850000e+00  -8.0909170e+00   6.2490410e+01
   8.6900000e+00  -8.2877910e+00   6.1806040e+01
   8.6950000e+00  -8.4791630e+00   6.1122370e+01
   8.7000000e+00  -8.6657840e+00   6.0439470e+01
   8.7050000e+00  -8.8484300e+00   5.9757390e+01
   8.7100000e+00  -9.0279050e+00   5.9076220e+01
   8.7150000e+00  -9.2050350e+00   5.8396010e+01
   8.7200000e+00  -9.3806650e+00   5.7716840e+01
   8.7250000e+00  -9.5556600e+00   5.7038770e+01
   8.7300000e+00  -9.7309000e+00   5.6361870e+01
   8.7350000e+00  -9.9072780e+00   5.5686220e+01
   8.7400000e+00  -1.0085700e+01   5.5011860e+01
   8.7450000e+00  -1.0267060e+01   5.4338890e+01
   8.7500000e+00  -1.0452290e+01   5.3667350e+01
   8.7550000e+00  -1.0642290e+01   5.2997330e+01
   8.7600000e+00  -1.0837970e+01   5.2328880e+01
   8.7650000e+00  -1.1040240e+01   5.1662070e+01
   8.7700000e+00  -1.1249980e+01   5.0996970e+01
   8.7750000e+00  -1.1468080e+01   5.0333650e+01
   8.7800000e+00  -1.1695400e+01   4.9672170e+01
   8.7850000e+00  -1.1932770e+01   4.9012600e+01
   8.7900000e+00  -1.2181020e+01   4.8355000e+01
   8.7950000e+00  -1.2440920e+01   4.7699450e+01
   8.8000000e+00  -1.2713240e+01   4.7045990e+01
   8.8050000e+00  -1.2998700e+01   4.6394710e+01
   8.8100000e+00  -1.3297970e+01   4.5745670e+01
   8.8150000e+00  -1.3611700e+01   4.5098920e+01
   8.8200000e+00  -1.3940480e+01   4.4454540e+01
   8.8250000e+00  -1.4284860e+01   4.3812600e+01
   8.8300000e+00  -1.4645340e+01   4.3173140e+01
   8.8350000e+00  -1.5022350e+01   4.2536250e+01
   8.8400000e+00  -1.5416300e+01   4.1901970e+01
   8.8450000e+00  -1.5827500e+01   4.1270380e+01
   8.8500000e+00  -1.6256240e+01   4.0641540e+01
   8.8550000e+00  -1.6702720e+01   4.0015510e+01
   8.8600000e+00  -1.7167080e+01   3.9392360e+01
   8.8650000e+00  -1.7649420e+01   3.8772140e+01
   8.8700000e+00  -1.8149750e+01   3.8154920e+01
   8.8750000e+00  -1.8668030e+01   3.7540760e+01
   8.8800000e+00  -1.9204160e+01   3.6929720e+01
   8.8850000e+00  -1.9757950e+01   3.6321860e+01
   8.8900000e+00  -2.0329190e+01   3.5717250e+01
   8.8950000e+00  -2.0917550e+01   3.5115940e+01
   8.9000000e+00  -2.1522690e+01   3.4517990e+01
   8.9050000e+00  -2.2144190e+01   3.3923470e+01
   8.9100000e+00  -2.2781560e+01   3.3332430e+01
   8.9150000e+00  -2.3434270e+01   3.2744930e+01
   8.9200000e+00  -2.4101740e+01   3.2161030e+01
   8.9250000e+00  -2.4783310e+01   3.1580800e+01
   8.9300000e+00  -2.5478310e+01   3.1004280e+01
   8.9350000e+00  -2.6186000e+01   3.0431530e+01
   8.9400000e+00  -2.6905600e+01   2.9862620e+01
   8.9450000e+00  -2.7636290e+01   2.9297600e+01
   8.9500000e+00  -2.8377240e+01   2.8736520e+01
   8.9550000e+00  -2.9127550e+01   2.8179450e+01
   8.9600000e+00  -2.9886320e+01   2.7626430e+01
   8.9650000e+00  -3.0652620e+01   2.7077520e+01
   8.9700000e+00  -3.1425500e+01   2.6532780e+01
   8.9750000e+00  -3.2203990e+01   2.5992270e+01
   8.9800000e+00  -3.2987100e+01   2.5456030e+01
   8.9850000e+00  -3.3773870e+01   2.4924120e+01
   8.9900000e+00  -3.4563290e+01   2.4396600e+01
   8.9950000e+00  -3.5354370e+01   2.3873500e+01
   9.0000000e+00  -3.6146150e+01   2.3354900e+01
   9.0050000e+00  -3.6937630e+01   2.2840840e+01
   9.0100000e+00  -3.7727860e+01   2.2331370e+01
   9.0150000e+00  -3.8515880e+01   2.1826540e+01
   9.0200000e+00  -3.9300760e+01   2.1326410e+01
   9.0250000e+00  -4.0081600e+01   2.0831010e+01
   9.0300000e+00  -4.0857510e+01   2.0340410e+01
   9.0350000e+00  -4.1627630e+01   1.9854650e+01
   9.0400000e+00  -4.2391130e+01   1.9373780e+01
   9.0450000e+00  -4.3147210e+01   1.8897850e+01
   9.0500000e+00  -4.3895110e+01   1.8426910e+01
   9.0550000e+00  -4.4634100e+01   1.7960990e+01
   9.0600000e+00  -4.5363490e+01   1.7500160e+01
   9.0650000e+00  -4.6082620e+01   1.7044450e+01
   9.0700000e+00  -4.6790890e+01   1.6593920e+01
   9.0750000e+00  -4.7487710e+01   1.6148600e+01
   9.0800000e+00  -4.8172560e+01   1.5708540e+01
   9.0850000e+00  -4.8844950e+01   1.5273780e+01
   9.0900000e+00  -4.9504420e+01   1.4844370e+01
   9.0950000e+00  -5.0150570e+01   1.4420360e+01
   9.1000000e+00  -5.0783030e+01   1.4001770e+01
   9.1050000e+00  -5.1401480e+01   1.3588660e+01
   9.1100000e+00  -5.2005640e+01   1.3181070e+01
   9.1150000e+00  -5.2595250e+01   1.2779040e+01
   9.1200000e+00  -5.3170120e+01   1.2382600e+01
   9.1250000e+00  -5.3730080e+01   1.1991800e+01
   9.1300000e+00  -5.4275000e+01   1.1606680e+01
   9.1350000e+00  -5.4804780e+01   1.1227270e+01
   9.1400000e+00  -5.5319370e+01   1.0853620e+01
   9.1450000e+00  -5.5818750e+01   1.0485750e+01
   9.1500000e+00  -5.6302910e+01   1.0123710e+01
   9.1550000e+00  -5.6771900e+01   9.7675380e+00
   9.1600000e+00  -5.7225790e+01   9.4172620e+00
   9.1650000e+00  -5.7664670e+01   9.0729190e+00
   9.1700000e+00  -5.8088650e+01   8.7345440e+00
   9.1750000e+00  -5.8497880e+01   8.4021710e+00
   9.1800000e+00  -5.8892540e+01   8.0758330e+00
   9.1850000e+00  -5.9272800e+01   7.7555630e+00
   9.1900000e+00  -5.9638870e+01   7.4413940e+00
   9.1950000e+00  -5.9990980e+01   7.1333550e+00
   9.2000000e+00  -6.0329370e+01   6.8314790e+00
   9.2050000e+00  -6.0654290e+01   6.5357940e+00
   9.2100000e+00  -6.0966000e+01   6.2463320e+00
   9.2150000e+00  -6.1264800e+01   5.9631210e+00
   9.2200000e+00  -6.1550970e+01   5.6861880e+00
   9.2250000e+00  -6.1824800e+01   5.4155630e+00
   9.2300000e+00  -6.2086600e+01   5.1512710e+00
   9.2350000e+00  -6.2336680e+01   4.8933400e+00
   9.2400000e+00  -6.2575360e+01   4.6417940e+00
   9.2450000e+00  -6.2802950e+01   4.3966600e+00
   9.2500000e+00  -6.3019780e+01   4.1579620e+00
   9.2550000e+00  -6.3226160e+01   3.9257230e+00
   9.2600000e+00  -6.3422420e+01   3.6999680e+00
   9.2650000e+00  -6.3608880e+01   3.4807170e+00
   9.2700000e+00  -6.3785860e+01   3.2679950e+00
   9.2750000e+00  -6.3953680e+01   3.0618200e+00
   9.2800000e+00  -6.4112630e+01   2.8622150e+00
   9.2850000e+00  -6.4263050e+01   2.6691990e+00
   9.2900000e+00  -6.4405210e+01   2.4827920e+00
   9.2950000e+00  -6.4539440e+01   2.3030120e+00
   9.3000000e+00  -6.4666000e+01   2.1298770e+00
   9.3050000e+00  -6.4785190e+01   1.9634050e+00
   9.3100000e+00  -6.4897280e+01   1.8036110e+00
   9.3150000e+00  -6.5002540e+01   1.6505130e+00
   9.3200000e+00  -6.5101230e+01   1.5041250e+00
   9.3250000e+00  -6.5193590e+01   1.3644620e+00
   9.3300000e+00  -6.5279870e+01   1.2315380e+00
   9.3350000e+00  -6.5360300e+01   1.1053660e+00
   9.3400000e+00  -6.5435090e+01   9.8595950e-01
   9.3450000e+00  -6.5504450e+01   8.7332960e-01
   9.3500000e+00  -6.5568590e+01   7.6748780e-01
   9.3550000e+00  -6.5627690e+01   6.6844460e-01
   9.3600000e+00  -6.5681930e+01   5.7621010e-01
   9.3650000e+00  -6.5731470e+01   4.9079340e-01
   9.3700000e+00  -6.5776470e+01   4.1220300e-01
   9.3750000e+00  -6.5817060e+01   3.4044690e-01
   9.3800000e+00  -6.5853380e+01   2.7553210e-01
   9.3850000e+00  -6.5885540e+01   2.1746520e-01
   9.3900000e+00  -6.5913650e+01   1.6625200e-01
   9.3950000e+00  -6.5937800e+01   1.2189770e-01
   9.4000000e+00  -6.5958080e+01   8.4406540e-02
   9.4050000e+00  -6.5974550e+01   5.3782410e-02
   9.4100000e+00  -6.5987260e+01   3.0028340e-02
   9.4150000e+00  -6.5996260e+01   1.3146700e-02
   9.4200000e+00  -6.6001590e+01   3.1391760e-03
   9.4250000e+00  -6.6003250e+01   6.7794320e-06
   9.4300000e+00  -6.6001270e+01   3.7498180e-03
   9.4350000e+00  -6.5995610e+01   1.4367920e-02
   9.4400000e+00  -6.5986280e+01   3.1860020e-02
   9.4450000e+00  -6.5973240e+01   5.6224370e-02
   9.4500000e+00  -6.5956430e+01   8.7458530e-02
   9.4550000e+00  -6.5935820e+01   1.2555940e-01
   9.4600000e+00  -6.5911320e+01   1.7052310e-01
   9.4650000e+00  -6.5882850e+01   2.2234520e-01
   9.4700000e+00  -6.5850320e+01   2.8102060e-01
   9.4750000e+00  -6.5813630e+01   3.4654320e-01
   9.4800000e+00  -6.5772650e+01   4.1890660e-01
   9.4850000e+00  -6.5727260e+01   4.9810360e-01
   9.4900000e+00  -6.5677310e+01   5.8412620e-01
   9.4950000e+00  -6.5622640e+01   6.7696590e-01
   9.5000000e+00  -6.5563100e+01   7.7661320e-01
   9.5050000e+00  -6.5498510e+01   8.8305840e-01
   9.5100000e+00  -6.5428670e+01   9.9629070e-01
   9.5150000e+00  -6.5353390e+01   1.1162990e+00
   9.5200000e+00  -6.5272450e+01   1.2430710e+00
   9.5250000e+00  -6.5185640e+01   1.3765940e+00
   9.5300000e+00  -6.5092720e+01   1.5168540e+00
   9.5350000e+00  -6.4993460e+01   1.6638390e+00
   9.5400000e+00  -6.4887610e+01   1.8175330e+00
   9.5450000e+00  -6.4774900e+01   1.9779200e+00
   9.5500000e+00  -6.4655060e+01   2.1449850e+00
   9.5550000e+00  -6.4527830e+01   2.3187110e+00
   9.5600000e+00  -6.4392910e+01   2.4990800e+00
   9.5650000e+00  -6.4250020e+01   2.6860750e+00
   9.5700000e+00  -6.4098870e+01   2.8796770e+00
   9.5750000e+00  -6.3939130e+01   3.0798660e+00
   9.5800000e+00  -6.3770520e+01   3.2866230e+00
   9.5850000e+00  -6.3592710e+01   3.4999270e+00
   9.5900000e+00  -6.3405390e+01   3.7197550e+00
   9.5950000e+00  -6.3208240e+01   3.9460880e+00
   9.6000000e+00  -6.3000950e+01   4.1789010e+00
   9.6050000e+00  -6.2783180e+01   4.4181720e+00
   9.6100000e+00  -6.2554610e+01   4.6638760e+00
   9.6150000e+00  -6.2314930e+01   4.9159900e+00
   9.6200000e+00  -6.2063820e+01   5.1744870e+00
   9.6250000e+00  -6.1800970e+01   5.4393420e+00
   9.6300000e+00  -6.1526050e+01   5.7105290e+00
   9.6350000e+00  -6.1238780e+01   5.9880200e+00
   9.6400000e+00  -6.0938850e+01   6.2717880e+00
   9.6450000e+00  -6.0625970e+01   6.5618040e+00
   9.6500000e+00  -6.0299860e+01   6.8580400e+00
   9.6550000e+00  -5.9960270e+01   7.1604650e+00
   9.6600000e+00  -5.9606930e+01   7.4690490e+00
   9.6650000e+00  -5.9239600e+01   7.7837620e+00
   9.6700000e+00  -5.8858070e+01   8.1045720e+00
   9.6750000e+00  -5.8462130e+01   8.4314470e+00
   9.6800000e+00  -5.8051590e+01   8.7643540e+00
   9.6850000e+00  -5.7626290e+01   9.1032610e+00
   9.6900000e+00  -5.7186090e+01   9.4481320e+00
   9.6950000e+00  -5.6730860e+01   9.7989340e+00
   9.7000000e+00  -5.6260530e+01   1.0155630e+01
   9.7050000e+00  -5.5775010e+01   1.0518190e+01
   9.7100000e+00  -5.5274290e+01   1.0886570e+01
   9.7150000e+00  -5.4758340e+01   1.1260740e+01
   9.7200000e+00  -5.4227210e+01   1.1640660e+01
   9.7250000e+00  -5.3680960e+01   1.2026280e+01
   9.7300000e+00  -5.3119670e+01   1.2417590e+01
   9.7350000e+00  -5.2543480e+01   1.2814520e+01
   9.7400000e+00  -5.1952570e+01   1.3217050e+01
   9.7450000e+00  -5.1347130e+01   1.3625130e+01
   9.7500000e+00  -5.0727420e+01   1.4038730e+01
   9.7550000e+00  -5.0093730e+01   1.4457800e+01
   9.7600000e+00  -4.9446380e+01   1.4882290e+01
   9.7650000e+00  -4.8785750e+01   1.5312180e+01
   9.7700000e+00  -4.8112230e+01   1.5747410e+01
   9.7750000e+00  -4.7426300e+01   1.6187940e+01
   9.7800000e+00  -4.6728440e+01   1.6633720e+01
   9.7850000e+00  -4.6019180e+01   1.7084720e+01
   9.7900000e+00  -4.5299110e+01   1.7540880e+01
   9.7950000e+00  -4.4568840e+01   1.8002170e+01
   9.8000000e+00  -4.3829030e+01   1.8468530e+01
   9.8050000e+00  -4.3080380e+01   1.8939920e+01
   9.8100000e+00  -4.2323610e+01   1.9416290e+01
   9.8150000e+00  -4.1559490e+01   1.9897600e+01
   9.8200000e+00  -4.0788820e+01   2.0383790e+01
   9.8250000e+00  -4.0012440e+01   2.0874820e+01
   9.8300000e+00  -3.9231210e+01   2.1370630e+01
   9.8350000e+00  -3.8446000e+01   2.1871190e+01
   9.8400000e+00  -3.7657750e+01   2.2376430e+01
   9.8450000e+00  -3.6867370e+01   2.2886310e+01
   9.8500000e+00  -3.6075820e+01   2.3400780e+01
   9.8550000e+00  -3.5284070e+01   2.3919780e+01
   9.8600000e+00  -3.4493090e+01   2.4443270e+01
   9.8650000e+00  -3.3703870e+01   2.4971190e+01
   9.8700000e+00  -3.2917390e+01   2.5503480e+01
   9.8750000e+00  -3.2134640e+01   2.6040100e+01
   9.8800000e+00  -3.1356620e+01   2.6581000e+01
   9.8850000e+00  -3.0584280e+01   2.7126110e+01
   9.8900000e+00  -2.9818620e+01   2.7675380e+01
   9.8950000e+00  -2.9060560e+01   2.8228760e+01
   9.9000000e+00  -2.8311040e+01   2.8786190e+01
   9.9050000e+00  -2.7570970e+01   2.9347620e+01
   9.9100000e+00  -2.6841220e+01   2.9912990e+01
   9.9150000e+00  -2.6122650e+01   3.0482250e+01
   9.9200000e+00  -2.5416060e+01   3.1055330e+01
   9.9250000e+00  -2.4722220e+01   3.1632180e+01
   9.9300000e+00  -2.4041870e+01   3.2212750e+01
   9.9350000e+00  -2.3375690e+01   3.2796960e+01
   9.9400000e+00  -2.2724320e+01   3.3384780e+01
   9.9450000e+00  -2.2088340e+01   3.3976130e+01
   9.9500000e+00  -2.1468280e+01   3.4570960e+01
   9.9550000e+00  -2.0864610e+01   3.5169210e+01
   9.9600000e+00  -2.0277750e+01   3.5770810e+01
   9.9650000e+00  -1.9708060e+01   3.6375720e+01
   9.9700000e+00  -1.9155820e+01   3.6983860e+01
   9.9750000e+00  -1.8621280e+01   3.7595180e+01
   9.9800000e+00  -1.8104590e+01   3.8209610e+01
   9.9850000e+00  -1.7605850e+01   3.8827100e+01
   9.9900000e+00  -1.7125110e+01   3.9447580e+01
   9.9950000e+00  -1.6662340e+01   4.0071000e+01
